37.3833846074 -122.191960228 114.181400417
37.3833990264 -122.191934442 114.207712457
37.3834248506 -122.19188826 114.254836938
37.3834578073 -122.191829323 114.314976753
37.3834942872 -122.191764085 114.381545911
37.3835321402 -122.191696392 114.450620792
37.3835704149 -122.191627944 114.520465062
37.3836087914 -122.191559315 114.590495179
37.3836471872 -122.191490651 114.660560561
37.3836855856 -122.191421982 114.730630631
37.383723984 -122.191353313 114.800700701
37.3837623824 -122.191284645 114.870770771
37.3838007808 -122.191215976 114.940840841
37.3838391792 -122.191147307 115.010910911
37.3838775776 -122.191078639 115.080980981
37.383915976 -122.19100997 115.151051051
37.3839543744 -122.190941301 115.221121121
37.3839927728 -122.190872633 115.291191191
37.3840311712 -122.190803964 115.361261261
37.3840695696 -122.190735295 115.431331331
37.384107968 -122.190666627 115.501401401
37.3841463664 -122.190597958 115.571471471
37.3841847648 -122.190529289 115.641541542
37.3842231632 -122.190460621 115.711611612
37.3842615616 -122.190391952 115.781681682
37.38429996 -122.190323283 115.851751752
37.3843383584 -122.190254615 115.921821822
37.3843767568 -122.190185946 115.991891892
37.3844151544 -122.190117279 116.061960153
37.3844535452 -122.190048622 116.132012804
37.3844918989 -122.189980023 116.201980666
37.384530094 -122.189911674 116.271585219
37.3845677522 -122.18984417 116.339960087
37.3846039735 -122.189778925 116.405044375
37.3846371534 -122.189718462 116.463163721
37.3846652414 -122.189666007 116.509622153
37.3846865893 -122.18962415 116.540645295
37.3847008898 -122.189593376 116.555529279
37.3847093764 -122.189571744 116.557099247
37.3847140845 -122.189556054 116.550015758
37.3847168604 -122.189543403 116.538507636
37.3847188603 -122.189531971 116.525222331
37.3847206156 -122.189520924 116.51137707
37.3847223106 -122.189509973 116.497393579
37.384723994 -122.189499039 116.483383383
37.3847256757 -122.189488108 116.469369369
37.3847273574 -122.189477177 116.455355355
37.384729039 -122.189466246 116.441341341
37.3847307207 -122.189455315 116.427327327
37.3847324024 -122.189444384 116.413313313
37.3847340841 -122.189433453 116.399299299
37.3847357658 -122.189422523 116.385285285
37.3847374474 -122.189411592 116.371271271
37.3847391291 -122.189400661 116.357257257
37.3847408108 -122.18938973 116.343243243
37.3847424925 -122.189378799 116.329229229
37.3847441742 -122.189367868 116.315215215
37.3847458559 -122.189356937 116.301201201
37.3847475375 -122.189346006 116.287187187
37.3847492192 -122.189335075 116.273173173
37.3847509009 -122.189324144 116.259159159
37.3847525826 -122.189313213 116.245145145
37.3847542643 -122.189302282 116.231131131
37.3847559459 -122.189291351 116.217117117
37.3847576275 -122.189280419 116.203103103
37.384759308 -122.18926948 116.189089089
37.3847609832 -122.189258502 116.175075075
37.3847626368 -122.189247367 116.161061061
37.3847642215 -122.189235733 116.147047047
37.3847656337 -122.189222849 116.133033033
37.3847667066 -122.189207504 116.119019019
37.3847672535 -122.189188346 116.105005005
37.3847671576 -122.189164528 116.090990991
37.3847664416 -122.189136213 116.076976977
37.3847652524 -122.189104469 116.062962963
37.384763778 -122.189070656 116.048948949
37.3847621673 -122.189035856 116.034934935
37.3847605053 -122.189000683 116.020920921
37.384758828 -122.188965399 116.006906907
37.3847571471 -122.18893009 115.992892893
37.3847554655 -122.188894775 115.978878879
37.3847537838 -122.188859459 115.964864865
37.3847521021 -122.188824144 115.950850851
37.3847504204 -122.188788829 115.936836837
37.3847487387 -122.188753514 115.922822823
37.3847470571 -122.188718198 115.908808809
37.3847453754 -122.188682883 115.894794795
37.3847436937 -122.188647568 115.880780781
37.384742012 -122.188612252 115.866766767
37.3847403303 -122.188576937 115.852752753
37.3847386486 -122.188541622 115.838738739
37.384736967 -122.188506306 115.824724725
37.3847352853 -122.188470991 115.810710711
37.3847336036 -122.188435676 115.796696697
37.3847319219 -122.18840036 115.782682683
37.3847302402 -122.188365045 115.768668669
37.3847285586 -122.18832973 115.754654655
37.3847268769 -122.188294414 115.740640641
37.3847251952 -122.188259099 115.726626627
37.3847235135 -122.188223784 115.712612613
37.3847218317 -122.18818847 115.698600769
37.3847201494 -122.188153169 115.684603157
37.384718464 -122.188117927 115.670677939
37.3847167667 -122.188082925 115.65703963
37.3847150324 -122.188048661 115.644287394
37.3847132093 -122.188016175 115.633667907
37.3847112194 -122.187987023 115.627050129
37.3847089856 -122.18796275 115.626286949
37.3847064735 -122.187944044 115.632204671
37.3847037134 -122.187930296 115.64407127
37.3847007811 -122.187919994 115.660073242
37.3846977551 -122.187911564 115.678320867
37.3846946895 -122.187903928 115.697521826
37.3846916107 -122.187896555 115.717039461
37.3846885284 -122.187889252 115.736639492
37.3846854454 -122.187881962 115.756256337
37.3846823624 -122.187874675 115.775875876
37.3846792793 -122.187867387 115.795495495
37.3846761962 -122.1878601 115.815115115
37.3846731131 -122.187852813 115.834734735
37.38467003 -122.187845526 115.854354354
37.3846669469 -122.187838238 115.873973974
37.3846638639 -122.187830951 115.893593594
37.3846607808 -122.187823664 115.913213213
37.3846576977 -122.187816376 115.932832833
37.3846546146 -122.187809089 115.952452452
37.3846515315 -122.187801802 115.972072072
37.3846484484 -122.187794515 115.991691692
37.3846453654 -122.187787227 116.011311311
37.3846422823 -122.18777994 116.030930931
37.3846391992 -122.187772653 116.050550551
37.3846361161 -122.187765365 116.07017017
37.384633033 -122.187758078 116.08978979
37.3846299499 -122.187750791 116.109409409
37.3846268669 -122.187743504 116.129029029
37.3846237835 -122.187736216 116.148651006
37.3846206975 -122.187728925 116.168294253
37.3846175969 -122.187721614 116.188054017
37.3846144332 -122.187714218 116.208317793
37.3846110542 -122.187706533 116.230304809
37.3846070928 -122.187698063 116.256951679
37.3846018853 -122.187687918 116.293566151
37.3845945703 -122.187674937 116.347040841
37.3845844385 -122.187658166 116.42305072
37.3845713349 -122.187637396 116.522834601
37.38455576 -122.187613302 116.642388158
37.3845385678 -122.187587031 116.774881103
37.3845205436 -122.187559642 116.914029836
37.3845021835 -122.1875318 117.055865404
37.3844837172 -122.187503815 117.198551083
37.3844652245 -122.187475795 117.341447336
37.3844467267 -122.187447768 117.484384384
37.3844282282 -122.18741974 117.627327327
37.3844097297 -122.187391712 117.77027027
37.3843912312 -122.187363684 117.913213213
37.3843727327 -122.187335656 118.056156156
37.3843542342 -122.187307628 118.199099099
37.3843357357 -122.1872796 118.342042042
37.3843172372 -122.187251572 118.484984985
37.3842987387 -122.187223544 118.627927928
37.3842802402 -122.187195516 118.770870871
37.3842617417 -122.187167487 118.913813814
37.3842432432 -122.187139459 119.056756757
37.3842247447 -122.187111431 119.1996997
37.3842062462 -122.187083403 119.342642643
37.3841877477 -122.187055375 119.485585586
37.3841692492 -122.187027347 119.628528529
37.3841507508 -122.186999319 119.771471471
37.3841322523 -122.186971291 119.914414414
37.3841137538 -122.186943263 120.057357357
37.3840952553 -122.186915235 120.2003003
37.3840767559 -122.186887207 120.343245748
37.3840582508 -122.186859176 120.486209153
37.3840397156 -122.186831131 120.629266088
37.3840210571 -122.186803028 120.772704817
37.3840020039 -122.186774742 120.917366513
37.3839819572 -122.186745995 121.065106611
37.3839599425 -122.186716332 121.21894493
37.383934855 -122.186685242 121.382304405
37.3839059812 -122.186652392 121.55739603
37.3838734212 -122.186617828 121.7439101
37.3838380231 -122.186581945 121.939217962
37.3838008967 -122.186545259 122.139881098
37.3837629379 -122.186508186 122.343123653
37.3837246621 -122.186470966 122.547348277
37.383686291 -122.186433701 122.751868169
37.3836478974 -122.186396426 122.956458077
37.3836094995 -122.186359149 123.161061061
37.3835711011 -122.186321872 123.365665666
37.3835327027 -122.186284595 123.57027027
37.3834943043 -122.186247317 123.774874875
37.3834559059 -122.18621004 123.979479479
37.3834175075 -122.186172763 124.184084084
37.3833791091 -122.186135485 124.388688689
37.3833407107 -122.186098208 124.593293293
37.3833023123 -122.186060931 124.797897898
37.3832639139 -122.186023654 125.002502503
37.3832255155 -122.185986376 125.207107107
37.3831871171 -122.185949099 125.411711712
37.3831487187 -122.185911822 125.616316316
37.3831103203 -122.185874545 125.820920921
37.3830719219 -122.185837267 126.025525526
37.3830335235 -122.18579999 126.23013013
37.3829951251 -122.185762713 126.434734735
37.3829567267 -122.185725435 126.639339339
37.3829183283 -122.185688158 126.843943944
37.3828799299 -122.185650881 127.048548549
37.3828415332 -122.185613605 127.253143575
37.3828031478 -122.185576337 127.457675403
37.3827648198 -122.185539111 127.661885228
37.3827267196 -122.185502049 127.864816102
37.3826893252 -122.1854655 128.063786186
37.3826536354 -122.185430185 128.253189076
37.3826211586 -122.185397197 128.424560365
37.382593409 -122.185367635 128.569401147
37.3825710925 -122.185342009 128.683750169
37.3825536573 -122.185319919 128.770704462
37.3825396532 -122.185300316 128.838401893
37.3825275383 -122.18528208 128.89549719
37.382516239 -122.185264436 128.948015127
37.3825052162 -122.185246992 128.998981262
37.3824942671 -122.185229602 129.049533693
37.3824833335 -122.185212222 129.099999263
37.3824724024 -122.185194845 129.15045045
37.3824614715 -122.185177467 129.200900901
37.3824505405 -122.18516009 129.251351351
37.3824396096 -122.185142713 129.301801802
37.3824286787 -122.185125335 129.352252252
37.3824177477 -122.185107958 129.402702703
37.3824068168 -122.185090581 129.453153153
37.3823958859 -122.185073203 129.503603604
37.382384955 -122.185055826 129.554054054
37.382374024 -122.185038448 129.604504505
37.3823630931 -122.185021071 129.654954955
37.3823521622 -122.185003694 129.705405405
37.3823412312 -122.184986316 129.755855856
37.3823303003 -122.184968939 129.806306306
37.3823193694 -122.184951562 129.856756757
37.3823084384 -122.184934184 129.907207207
37.3822975075 -122.184916807 129.957657658
37.3822865766 -122.184899429 130.008108108
37.3822756456 -122.184882052 130.058558559
37.3822647148 -122.184864675 130.109008775
37.382253785 -122.1848473 130.159456759
37.3822428606 -122.184829937 130.209892393
37.3822319599 -122.184812629 130.26027403
37.3822211414 -122.184795507 130.31046897
37.3822105476 -122.184778896 130.360153281
37.3822004397 -122.184763389 130.408733053
37.3821911628 -122.184749771 130.455424442
37.3821830074 -122.184738702 130.499566746
37.382176046 -122.184730346 130.540995727
37.3821700851 -122.184724264 130.580150603
37.3821647836 -122.184719681 130.617806951
37.3821598231 -122.184715873 130.654688059
37.3821550011 -122.184712379 130.69125472
37.382150223 -122.184708985 130.7277215
37.3821454558 -122.184705616 130.764163461
37.3821406907 -122.184702252 130.800600601
37.3821359259 -122.184698889 130.837037037
37.3821311612 -122.184695526 130.873473473
37.3821263964 -122.184692162 130.90990991
37.3821216316 -122.184688799 130.946346346
37.3821168669 -122.184685435 130.982782783
37.3821121021 -122.184682072 131.019219219
37.3821073373 -122.184678709 131.055655656
37.3821025726 -122.184675345 131.092092092
37.3820978078 -122.184671982 131.128528529
37.382093043 -122.184668619 131.164964965
37.3820882783 -122.184665255 131.201401401
37.3820835135 -122.184661892 131.237837838
37.3820787487 -122.184658529 131.274274274
37.382073984 -122.184655165 131.310710711
37.3820692192 -122.184651802 131.347147147
37.3820644545 -122.184648438 131.383583584
37.3820596897 -122.184645075 131.42002002
37.3820549249 -122.184641712 131.456456456
37.3820501602 -122.184638348 131.492892893
37.382045395 -122.184634985 131.529331366
37.3820406266 -122.184631622 131.565784644
37.3820358415 -122.184628258 131.602315314
37.3820309879 -122.184624895 131.639163259
37.3820259139 -122.184621532 131.67703273
37.3820202817 -122.184618168 131.717488997
37.3820135361 -122.184614805 131.76310497
37.3820050387 -122.184611441 131.816839063
37.3819943644 -122.184608078 131.880660889
37.3819815518 -122.184604715 131.954392133
37.3819670778 -122.184601351 132.035822711
37.3819515827 -122.184597988 132.121985238
37.3819355913 -122.184594625 132.210447268
37.3819194095 -122.184591261 132.299792124
37.3819031699 -122.184587898 132.389404439
37.3818869166 -122.184584535 132.479080606
37.3818706607 -122.184581171 132.568768769
37.3818544044 -122.184577808 132.658458458
37.3818381481 -122.184574444 132.748148148
37.3818218919 -122.184571081 132.837837838
37.3818056356 -122.184567718 132.927527528
37.3817893794 -122.184564354 133.017217217
37.3817731231 -122.184560991 133.106906907
37.3817568669 -122.184557628 133.196596597
37.3817406106 -122.184554264 133.286286286
37.3817243544 -122.184550901 133.375975976
37.3817080981 -122.184547538 133.465665666
37.3816918418 -122.184544174 133.555355355
37.3816755856 -122.184540811 133.645045045
37.3816593293 -122.184537447 133.734734735
37.3816430731 -122.184534084 133.824424424
37.3816268168 -122.184530721 133.914114114
37.3816105606 -122.184527357 134.003803804
37.3815943043 -122.184523994 134.093493493
37.381578048 -122.184520631 134.183183183
37.3815617918 -122.184517267 134.272872873
37.381545536 -122.184513904 134.362558544
37.3815292835 -122.184510539 134.452217525
37.3815130474 -122.184507167 134.54174027
37.3814968768 -122.184503768 134.63072066
37.3814809098 -122.184500285 134.718016505
37.3814654363 -122.184496598 134.801228299
37.3814508973 -122.184492524 134.876706839
37.3814377411 -122.184487878 134.940740678
37.3814261859 -122.184482569 134.991525332
37.3814160819 -122.18447666 135.030299613
37.3814070092 -122.184470324 135.060538651
37.3813985119 -122.18446375 135.086016222
37.381390267 -122.184457072 135.109405676
37.3813821091 -122.184450357 135.13207418
37.381373975 -122.184443633 135.154546426
37.3813658459 -122.184436907 135.176976495
37.3813577177 -122.18443018 135.199399399
37.3813495896 -122.184423453 135.221821822
37.3813414615 -122.184416727 135.244244244
37.3813333333 -122.18441 135.266666667
37.3813252052 -122.184403273 135.289089089
37.3813170771 -122.184396547 135.311511512
37.3813089489 -122.18438982 135.333933934
37.3813008208 -122.184383093 135.356356356
37.3812926927 -122.184376366 135.378778779
37.3812845646 -122.18436964 135.401201201
37.3812764364 -122.184362913 135.423623624
37.3812683083 -122.184356186 135.446046046
37.3812601802 -122.184349459 135.468468468
37.3812520521 -122.184342733 135.490890891
37.3812439239 -122.184336006 135.513313313
37.3812357958 -122.184329279 135.535735736
37.3812276677 -122.184322553 135.558158158
37.3812195395 -122.184315826 135.580580581
37.3812114114 -122.184309099 135.603003003
37.3812032834 -122.184302372 135.625425908
37.381195156 -122.184295645 135.647853726
37.3811870328 -122.184288918 135.670309046
37.3811789279 -122.184282186 135.692886092
37.3811708869 -122.18427544 135.715889313
37.3811630229 -122.184268654 135.740072678
37.3811555464 -122.184261783 135.7668394
37.3811487398 -122.184254762 135.798072114
37.3811428467 -122.184247539 135.83539448
37.3811379346 -122.184240098 135.879256974
37.3811338511 -122.184232472 135.928643446
37.3811303172 -122.184224724 135.981693923
37.3811270691 -122.184216913 136.03665034
37.3811239376 -122.184209076 136.092383329
37.3811208432 -122.184201231 136.148363898
37.381117758 -122.184193383 136.204406173
37.3811146747 -122.184185536 136.26046046
37.3811115916 -122.184177688 136.316516517
37.3811085085 -122.18416984 136.372572573
37.3811054254 -122.184161992 136.428628629
37.3811023423 -122.184154144 136.484684685
37.3810992593 -122.184146296 136.540740741
37.3810961762 -122.184138448 136.596796797
37.3810930931 -122.184130601 136.652852853
37.38109001 -122.184122753 136.708908909
37.3810869269 -122.184114905 136.764964965
37.3810838438 -122.184107057 136.821021021
37.3810807608 -122.184099209 136.877077077
37.3810776777 -122.184091361 136.933133133
37.3810745946 -122.184083514 136.989189189
37.3810715115 -122.184075666 137.045245245
37.3810684284 -122.184067818 137.101301301
37.3810653453 -122.18405997 137.157357357
37.3810622623 -122.184052122 137.213413413
37.3810591792 -122.184044274 137.269469469
37.3810560961 -122.184036426 137.325525526
37.3810530131 -122.184028579 137.381579572
37.3810499305 -122.18402073 137.437618774
37.3810468503 -122.184012879 137.493580073
37.3810437796 -122.184005019 137.549220508
37.3810407402 -122.183997128 137.603822153
37.3810377802 -122.183989157 137.655776457
37.3810349797 -122.183981026 137.70241206
37.3810324323 -122.183972643 137.740612481
37.381030202 -122.183963942 137.76824116
37.3810282861 -122.183954927 137.785391948
37.3810266166 -122.183945666 137.794327967
37.3810250999 -122.183936251 137.798170419
37.3810236581 -122.183926762 137.799516738
37.3810222453 -122.183917244 137.799897267
37.3810208413 -122.183907717 137.799983151
37.3810194395 -122.183898188 137.799998258
37.381018038 -122.183888659 137.8
37.3810166366 -122.183879129 137.8
37.3810152352 -122.1838696 137.8
37.3810138338 -122.18386007 137.8
37.3810124324 -122.183850541 137.8
37.381011031 -122.183841011 137.8
37.3810096296 -122.183831481 137.8
37.3810082282 -122.183821952 137.8
37.3810068268 -122.183812422 137.8
37.3810054254 -122.183802893 137.8
37.381004024 -122.183793363 137.8
37.3810026226 -122.183783834 137.8
37.3810012212 -122.183774304 137.8
37.3809998198 -122.183764775 137.8
37.3809984184 -122.183755245 137.8
37.380997017 -122.183745716 137.8
37.3809956156 -122.183736186 137.8
37.3809942142 -122.183726657 137.8
37.3809928128 -122.183717127 137.8
37.3809914114 -122.183707598 137.8
37.3809900101 -122.183698067 137.800000965
37.3809886092 -122.183688533 137.80000838
37.3809872105 -122.183678976 137.800048785
37.3809858205 -122.183669332 137.800220846
37.3809844579 -122.183659415 137.800803093
37.3809831619 -122.183648831 137.802383672
37.3809819925 -122.183636982 137.805863795
37.3809810117 -122.183623247 137.81217203
37.3809802507 -122.183607313 137.821778484
37.3809796908 -122.183589368 137.834401609
37.3809792754 -122.183569978 137.849191607
37.3809789416 -122.183549773 137.865205742
37.3809786442 -122.183529204 137.881764587
37.3809783594 -122.183508508 137.89851462
37.3809780782 -122.183487776 137.91531765
37.3809777978 -122.183467037 137.932132293
37.3809775175 -122.183446296 137.948948949
37.3809772372 -122.183425556 137.965765766
37.380976957 -122.183404815 137.982582583
37.3809766767 -122.183384074 137.999399399
37.3809763964 -122.183363333 138.016216216
37.3809761161 -122.183342593 138.033033033
37.3809758358 -122.183321852 138.04984985
37.3809755556 -122.183301111 138.066666667
37.3809752753 -122.18328037 138.083483483
37.380974995 -122.18325963 138.1003003
37.3809747147 -122.183238889 138.117117117
37.3809744344 -122.183218148 138.133933934
37.3809741542 -122.183197407 138.150750751
37.3809738739 -122.183176667 138.167567568
37.3809735936 -122.183155926 138.184384384
37.3809733133 -122.183135185 138.201201201
37.380973033 -122.183114444 138.218018018
37.3809727528 -122.183093704 138.234834835
37.3809724725 -122.183072963 138.251651652
37.3809721922 -122.183052222 138.268468335
37.3809719122 -122.183031483 138.285283528
37.3809716334 -122.18301075 138.302090266
37.3809713603 -122.182990046 138.318859051
37.3809711075 -122.182969447 138.335493077
37.3809709113 -122.182949141 138.351748843
37.380970841 -122.182929485 138.367166003
37.3809709907 -122.182910966 138.381116541
37.3809714434 -122.182894013 138.39304658
37.3809722246 -122.182878756 138.402787191
37.3809732852 -122.182864943 138.410664434
37.3809745325 -122.182852095 138.41729783
37.3809758773 -122.18283975 138.423280791
37.380977262 -122.182827612 138.428997595
37.3809786595 -122.18281554 138.43462925
37.3809800602 -122.182803484 138.440239624
37.3809814615 -122.182791431 138.445845846
37.3809828629 -122.182779379 138.451451451
37.3809842643 -122.182767327 138.457057057
37.3809856657 -122.182755275 138.462662663
37.3809870671 -122.182743223 138.468268268
37.3809884685 -122.182731171 138.473873874
37.3809898699 -122.182719119 138.479479479
37.3809912713 -122.182707067 138.485085085
37.3809926727 -122.182695015 138.490690691
37.3809940741 -122.182682963 138.496296296
37.3809954755 -122.182670911 138.501901902
37.3809968769 -122.182658859 138.507507508
37.3809982783 -122.182646807 138.513113113
37.3809996797 -122.182634755 138.518718719
37.3810010811 -122.182622703 138.524324324
37.3810024825 -122.182610651 138.52992993
37.3810038839 -122.182598599 138.535535536
37.3810052853 -122.182586547 138.541141141
37.3810066867 -122.182574494 138.546746747
37.3810080881 -122.182562442 138.552352352
37.3810094896 -122.18255039 138.557955801
37.3810108921 -122.182538339 138.563543028
37.3810122993 -122.182526287 138.569044766
37.3810137266 -122.182514239 138.574192585
37.381015219 -122.182502201 138.578187771
37.3810168786 -122.182490189 138.579225459
37.3810188766 -122.182478229 138.574276094
37.3810214157 -122.182466352 138.559753006
37.3810246389 -122.18245458 138.533126379
37.3810285463 -122.182442913 138.494396214
37.3810329947 -122.18243133 138.446092326
37.3810377816 -122.182419799 138.391801384
37.3810427356 -122.182408293 138.334552945
37.3810477548 -122.182396798 138.276151873
37.381052794 -122.182385305 138.217396882
37.381057838 -122.182373814 138.158556402
37.3810628829 -122.182362322 138.0996997
37.3810679279 -122.182350831 138.040840841
37.381072973 -122.182339339 137.981981982
37.381078018 -122.182327848 137.923123123
37.3810830631 -122.182316356 137.864264264
37.3810881081 -122.182304865 137.805405405
37.3810931532 -122.182293373 137.746546547
37.3810981982 -122.182281882 137.687687688
37.3811032432 -122.18227039 137.628828829
37.3811082883 -122.182258899 137.56996997
37.3811133333 -122.182247407 137.511111111
37.3811183784 -122.182235916 137.452252252
37.3811234234 -122.182224424 137.393393393
37.3811284685 -122.182212933 137.334534535
37.3811335135 -122.182201441 137.275675676
37.3811385586 -122.18218995 137.216816817
37.3811436036 -122.182178458 137.157957958
37.3811486486 -122.182166967 137.099099099
37.3811536937 -122.182155475 137.04024024
37.3811587387 -122.182143984 136.981381381
37.381163784 -122.182132493 136.922519441
37.3811688303 -122.182121004 136.863636739
37.3811738825 -122.182109524 136.804647633
37.3811789581 -122.182098086 136.745232783
37.381184107 -122.182086774 136.684487146
37.3811894346 -122.18207577 136.620489339
37.3811951044 -122.182065358 136.55027229
37.3812012866 -122.18205583 136.470738404
37.3812080708 -122.182047343 136.380257379
37.3812154107 -122.182039815 136.27967386
37.381223154 -122.182032984 136.171757227
37.3812311278 -122.182026552 136.059647568
37.3812392057 -122.182020299 135.945646604
37.3812473206 -122.18201411 135.830971849
37.3812554459 -122.182007939 135.716107327
37.3812635736 -122.182001772 135.601200531
37.3812717017 -122.181995606 135.486286286
37.3812798298 -122.181989439 135.371371371
37.381287958 -122.181983273 135.256456456
37.3812960861 -122.181977107 135.141541542
37.3813042142 -122.181970941 135.026626627
37.3813123423 -122.181964775 134.911711712
37.3813204705 -122.181958609 134.796796797
37.3813285986 -122.181952442 134.681881882
37.3813367267 -122.181946276 134.566966967
37.3813448549 -122.18194011 134.452052052
37.381352983 -122.181933944 134.337137137
37.3813611111 -122.181927778 134.222222222
37.3813692392 -122.181921612 134.107307307
37.3813773674 -122.181915445 133.992392392
37.3813854955 -122.181909279 133.877477477
37.3813936236 -122.181903113 133.762562563
37.3814017518 -122.181896947 133.647647648
37.3814098799 -122.181890781 133.532732733
37.381418008 -122.181884615 133.417817818
37.3814261364 -122.181878448 133.302902099
37.3814342675 -122.181872282 133.187976316
37.381442415 -122.181866114 133.072992466
37.3814506366 -122.181859939 132.957743631
37.3814591259 -122.181853738 132.841538858
37.3814683778 -122.181847465 132.722610533
37.3814793434 -122.181841029 132.597561522
37.3814933427 -122.181834303 132.461678149
37.3815115654 -122.181827176 132.310711421
37.3815344055 -122.181819609 132.143253599
37.381561205 -122.181811664 131.961655212
37.3815906639 -122.181803466 131.770559109
37.3816215204 -122.181795136 131.574471347
37.3816529512 -122.18178675 131.376332653
37.3816845663 -122.181778347 131.17753568
37.3817162276 -122.18176994 130.978573756
37.3817478979 -122.181761532 130.77957958
37.3817795696 -122.181753123 130.580580581
37.3818112412 -122.181744715 130.381581582
37.3818429129 -122.181736306 130.182582583
37.3818745846 -122.181727898 129.983583584
37.3819062563 -122.181719489 129.784584585
37.3819379279 -122.181711081 129.585585586
37.3819695996 -122.181702673 129.386586587
37.3820012713 -122.181694264 129.187587588
37.3820329429 -122.181685856 128.988588589
37.3820646146 -122.181677447 128.78958959
37.3820962863 -122.181669039 128.590590591
37.382127958 -122.181660631 128.391591592
37.3821596296 -122.181652222 128.192592593
37.3821913013 -122.181643814 127.993593594
37.382222973 -122.181635405 127.794594595
37.3822546446 -122.181626997 127.595595596
37.3822863163 -122.181618589 127.396596597
37.382317988 -122.18161018 127.197597598
37.3823496597 -122.181601772 126.998598599
37.382381331 -122.181593363 126.799600993
37.3824129998 -122.181584955 126.60061408
37.3824446552 -122.181576545 126.401683788
37.3824762545 -122.181568131 126.202989212
37.3825076704 -122.181559702 126.005067269
37.382538612 -122.181551236 125.809142231
37.3825685858 -122.181542694 125.617292047
37.3825969989 -122.181534028 125.432013679
37.3826234211 -122.181525205 125.255117623
37.3826478347 -122.181516224 125.08667896
37.3826706456 -122.181507116 124.924988444
37.3826924459 -122.181497928 124.767552889
37.3827137433 -122.181488701 124.612235206
37.3827348433 -122.181479458 124.457748554
37.3827558823 -122.18147021 124.303518595
37.3827769065 -122.181460961 124.149350957
37.3827979279 -122.181451712 123.995195195
37.3828189489 -122.181442462 123.841041041
37.38283997 -122.181433213 123.686886887
37.382860991 -122.181423964 123.532732733
37.382882012 -122.181414715 123.378578579
37.382903033 -122.181405465 123.224424424
37.3829240541 -122.181396216 123.07027027
37.3829450751 -122.181386967 122.916116116
37.3829660961 -122.181377718 122.761961962
37.3829871171 -122.181368468 122.607807808
37.3830081381 -122.181359219 122.453653654
37.3830291592 -122.18134997 122.299499499
37.3830501802 -122.181340721 122.145345345
37.3830712012 -122.181331471 121.991191191
37.3830922222 -122.181322222 121.837037037
37.3831132432 -122.181312973 121.682882883
37.3831342643 -122.181303724 121.528728729
37.3831552853 -122.181294474 121.374574575
37.3831763063 -122.181285225 121.22042042
37.3831973273 -122.181275976 121.066266266
37.3832183485 -122.181266727 120.912110786
37.3832393705 -122.18125748 120.757946295
37.3832603972 -122.181248243 120.603735526
37.3832814425 -122.181239048 120.449339072
37.383302546 -122.181229982 120.294360188
37.3833237924 -122.181221234 120.13795185
37.3833453136 -122.181213096 119.978795508
37.3833672492 -122.181205879 119.815496182
37.3833896752 -122.181199752 119.64729176
37.383412558 -122.18119464 119.4745201
37.3834357757 -122.181190272 119.298398945
37.3834591872 -122.181186335 119.120340273
37.3834826872 -122.181182595 118.941396492
37.3835062191 -122.181178925 118.762133081
37.3835297602 -122.181175276 118.582778374
37.3835533033 -122.181171632 118.403403042
37.3835768468 -122.181167988 118.224024024
37.3836003904 -122.181164344 118.044644645
37.3836239339 -122.181160701 117.865265265
37.3836474775 -122.181157057 117.685885886
37.383671021 -122.181153413 117.506506507
37.3836945646 -122.18114977 117.327127127
37.3837181081 -122.181146126 117.147747748
37.3837416517 -122.181142482 116.968368368
37.3837651952 -122.181138839 116.788988989
37.3837887387 -122.181135195 116.60960961
37.3838122823 -122.181131552 116.43023023
37.3838358258 -122.181127908 116.250850851
37.3838593694 -122.181124264 116.071471471
37.3838829129 -122.181120621 115.892092092
37.3839064565 -122.181116977 115.712712713
37.38393 -122.181113333 115.533333333
37.3839535435 -122.18110969 115.353953954
37.3839770871 -122.181106046 115.174574575
37.3840006306 -122.181102402 114.995195195
37.3840241741 -122.181098759 114.815817001
37.3840477164 -122.181095115 114.636456419
37.3840712516 -122.18109147 114.457199524
37.3840947541 -122.181087821 114.278425094
37.3841181365 -122.181084158 114.101423
37.3841411709 -122.18108045 113.929554194
37.3841634116 -122.181076644 113.769390663
37.3841842299 -122.18107266 113.630209601
37.3842030464 -122.181068425 113.520554041
37.3842196547 -122.181063915 113.443469395
37.3842343555 -122.181059166 113.394519637
37.3842477675 -122.181054255 113.364580796
37.3842604988 -122.18104926 113.344681914
37.3842729494 -122.18104423 113.328924204
37.3842853095 -122.181039188 113.314499786
37.384297647 -122.181034144 113.30041028
37.38430998 -122.181029099 113.286386386
37.3843223123 -122.181024054 113.272372372
37.3843346446 -122.181019009 113.258358358
37.384346977 -122.181013964 113.244344344
37.3843593093 -122.181008919 113.23033033
37.3843716416 -122.181003874 113.216316316
37.384383974 -122.180998829 113.202302302
37.3843963063 -122.180993784 113.188288288
37.3844086386 -122.180988739 113.174274274
37.384420971 -122.180983694 113.16026026
37.3844333033 -122.180978649 113.146246246
37.3844456356 -122.180973604 113.132232232
37.384457968 -122.180968559 113.118218218
37.3844703003 -122.180963514 113.104204204
37.3844826326 -122.180958468 113.09019019
37.384494965 -122.180953423 113.076176176
37.3845072973 -122.180948378 113.062162162
37.3845196296 -122.180943333 113.048148148
37.384531962 -122.180938288 113.034134134
37.3845442943 -122.180933243 113.02012012
37.3845566268 -122.180928198 113.0061049
37.3845689607 -122.18092315 112.992080211
37.384581302 -122.180918091 112.978005111
37.3845936743 -122.180912983 112.96371886
37.3846061487 -122.180907711 112.948735641
37.3846188895 -122.180902017 112.931937025
37.3846321781 -122.18089545 112.91140266
37.3846463583 -122.180887465 112.884789873
37.3846616858 -122.180877655 112.850353861
37.3846781815 -122.180865987 112.80795385
37.3846956171 -122.180852823 112.759144796
37.3847136501 -122.180838708 112.706262291
37.3847319827 -122.180824118 112.651337578
37.3847504335 -122.180809339 112.595606397
37.3847689211 -122.180794501 112.539624736
37.3847874177 -122.180779649 112.483581976
37.3848059159 -122.180764795 112.427527528
37.3848244144 -122.18074994 112.371471471
37.3848429129 -122.180735085 112.315415415
37.3848614114 -122.18072023 112.259359359
37.3848799099 -122.180705375 112.203303303
37.3848984084 -122.180690521 112.147247247
37.3849169069 -122.180675666 112.091191191
37.3849354054 -122.180660811 112.035135135
37.3849539039 -122.180645956 111.979079079
37.3849724024 -122.180631101 111.923023023
37.3849909009 -122.180616246 111.866966967
37.3850093994 -122.180601391 111.810910911
37.3850278979 -122.180586537 111.754854855
37.3850463964 -122.180571682 111.698798799
37.3850648949 -122.180556827 111.642742743
37.3850833934 -122.180541972 111.586686687
37.3851018919 -122.180527117 111.530630631
37.3851203904 -122.180512262 111.474574575
37.3851388889 -122.180497407 111.418518519
37.3851573874 -122.180482553 111.362462462
37.3851758856 -122.180467698 111.306404015
37.3851943819 -122.180452841 111.250329177
37.3852128683 -122.180437979 111.194169953
37.3852313147 -122.180423093 111.137671133
37.3852496353 -122.180408132 111.080103193
37.3852676458 -122.180392984 111.019899436
37.3852850569 -122.180377477 110.954600687
37.3853015584 -122.180361424 110.881569979
37.3853169746 -122.180344719 110.799313974
37.3853313711 -122.180327403 110.708391078
37.3853450123 -122.180309634 110.611047683
37.3853582116 -122.1802916 110.509948851
37.3853712067 -122.180273443 110.407113884
37.3853841271 -122.180255241 110.303644145
37.3853970259 -122.180237026 110.199990817
37.3854099198 -122.180218809 110.096295499
37.3854228128 -122.180200591 109.992592593
37.3854357057 -122.180182372 109.888888889
37.3854485986 -122.180164154 109.785185185
37.3854614915 -122.180145936 109.681481481
37.3854743844 -122.180127718 109.577777778
37.3854872773 -122.180109499 109.474074074
37.3855001702 -122.180091281 109.37037037
37.3855130631 -122.180073063 109.266666667
37.385525956 -122.180054845 109.162962963
37.3855388488 -122.180036627 109.059259259
37.3855517417 -122.180018408 108.955555556
37.3855646346 -122.18000019 108.851851852
37.3855775275 -122.179981972 108.748148148
37.3855904204 -122.179963754 108.644444444
37.3856033133 -122.179945536 108.540740741
37.3856162062 -122.179927317 108.437037037
37.3856290991 -122.179909099 108.333333333
37.385641992 -122.179890881 108.22962963
37.3856548849 -122.179872663 108.125925926
37.3856677778 -122.179854444 108.022222048
37.3856806716 -122.179836226 107.918514771
37.3856935702 -122.179818004 107.814786962
37.3857064922 -122.179799769 107.71096137
37.3857195016 -122.179781483 107.606768987
37.385732769 -122.179763047 107.501494684
37.385746634 -122.179744265 107.393714421
37.3857615844 -122.179724852 107.281382536
37.3857780788 -122.179704542 107.162575534
37.3857962919 -122.179683235 107.036561388
37.3858160003 -122.17966106 106.904276395
37.3858367251 -122.179638294 106.767729387
37.3858579891 -122.179615215 106.628921043
37.3858794763 -122.179592006 106.489176512
37.3859010357 -122.179568756 106.349129684
37.3859226132 -122.179545495 106.209006745
37.3859441942 -122.179522232 106.068868869
37.3859657758 -122.179498969 105.928728729
37.3859873574 -122.179475706 105.788588589
37.3860089389 -122.179452442 105.648448448
37.3860305205 -122.179429179 105.508308308
37.3860521021 -122.179405916 105.368168168
37.3860736837 -122.179382653 105.228028028
37.3860952653 -122.179359389 105.087887888
37.3861168468 -122.179336126 104.947747748
37.3861384284 -122.179312863 104.807607608
37.38616001 -122.1792896 104.667467467
37.3861815916 -122.179266336 104.527327327
37.3862031732 -122.179243073 104.387187187
37.3862247548 -122.17921981 104.247047047
37.3862463363 -122.179196547 104.106906907
37.3862679179 -122.179173283 103.966766767
37.3862894995 -122.17915002 103.826626627
37.3863110811 -122.179126757 103.686486486
37.3863326627 -122.179103493 103.546346346
37.3863542442 -122.17908023 103.406206206
37.3863758254 -122.179056967 103.266069161
37.3863974028 -122.179033708 103.125957077
37.3864189605 -122.179010468 102.98597866
37.386440435 -122.178987306 102.846563938
37.3864616327 -122.178964408 102.709024075
37.3864821035 -122.178942202 102.576408556
37.3865010651 -122.178921432 102.454016743
37.3865175485 -122.17890302 102.348413077
37.3865308128 -122.178887672 102.264615899
37.3865407707 -122.17887547 102.203216461
37.3865480454 -122.178865821 102.159993775
37.3865536016 -122.178857808 102.128413147
37.3865582901 -122.17885062 102.102709468
37.3865626341 -122.17884376 102.079340547
37.3865668704 -122.178837003 102.056700503
37.3865710804 -122.178830271 102.034239017
37.3865752853 -122.178823544 102.011811812
37.3865794895 -122.178816817 101.989389389
37.3865836937 -122.17881009 101.966966967
37.3865878979 -122.178803363 101.944544545
37.3865921021 -122.178796637 101.922122122
37.3865963063 -122.17878991 101.8996997
37.3866005105 -122.178783183 101.877277277
37.3866047147 -122.178776456 101.854854855
37.3866089189 -122.17876973 101.832432432
37.3866131231 -122.178763003 101.81001001
37.3866173273 -122.178756276 101.787587588
37.3866215315 -122.17874955 101.765165165
37.3866257357 -122.178742823 101.742742743
37.3866299399 -122.178736096 101.72032032
37.3866341441 -122.178729369 101.697897898
37.3866383483 -122.178722643 101.675475475
37.3866425526 -122.178715916 101.653053053
37.3866467568 -122.178709189 101.630630631
37.386650961 -122.178702462 101.608208208
37.3866551652 -122.178695736 101.585785786
37.3866593693 -122.178689009 101.563363899
37.3866635726 -122.178682283 101.540945721
37.3866677721 -122.178675557 101.518546687
37.3866719562 -122.178668835 101.496224935
37.3866760914 -122.178662126 101.47414744
37.3866801056 -122.178655447 101.452675018
37.3866838846 -122.178648826 101.432378903
37.3866873041 -122.178642296 101.413880032
37.3866902913 -122.178635873 101.397542433
37.3866928688 -122.178629553 101.383253488
37.3866951398 -122.17862331 101.370497291
37.3866972295 -122.178617112 101.358647239
37.3866992345 -122.178610935 101.34722081
37.3867012082 -122.178604766 101.335951039
37.3867031727 -122.178598599 101.324727087
37.3867051351 -122.178592432 101.313513728
37.3867070971 -122.178586266 101.302302302
37.3867090591 -122.1785801 101.291091091
37.386711021 -122.178573934 101.27987988
37.386712983 -122.178567768 101.268668669
37.3867149449 -122.178561602 101.257457457
37.3867169069 -122.178555435 101.246246246
37.3867188689 -122.178549269 101.235035035
37.3867208308 -122.178543103 101.223823824
37.3867227928 -122.178536937 101.212612613
37.3867247548 -122.178530771 101.201401401
37.3867267167 -122.178524605 101.19019019
37.3867286787 -122.178518438 101.178978979
37.3867306406 -122.178512272 101.167767768
37.3867326026 -122.178506106 101.156556557
37.3867345646 -122.17849994 101.145345345
37.3867365265 -122.178493774 101.134134134
37.3867384885 -122.178487608 101.122922923
37.3867404505 -122.178481441 101.111711712
37.3867424124 -122.178475275 101.100500501
37.3867443744 -122.178469109 101.089289356
37.3867463369 -122.178462939 101.078080457
37.3867483026 -122.178456746 101.06688557
37.3867502841 -122.178450441 101.055759346
37.3867523263 -122.178443702 101.044897019
37.3867545512 -122.178435661 101.034829137
37.3867572066 -122.178424551 101.026632632
37.3867606545 -122.178407789 101.021882271
37.3867652427 -122.178382897 101.022089307
37.3867711114 -122.178348874 101.027863763
37.3867781022 -122.17830685 101.03851705
37.38678586 -122.178259357 101.052505094
37.3867940265 -122.178208949 101.068270429
37.3868023629 -122.178157331 101.084774158
37.3868107543 -122.17810532 101.101516979
37.3868191596 -122.17805321 101.118320127
37.3868275676 -122.178001081 101.135135135
37.386835976 -122.177948949 101.151951952
37.3868443844 -122.177896817 101.168768769
37.3868527928 -122.177844685 101.185585586
37.3868612012 -122.177792553 101.202402402
37.3868696096 -122.17774042 101.219219219
37.386878018 -122.177688288 101.236036036
37.3868864264 -122.177636156 101.252852853
37.3868948348 -122.177584024 101.26966967
37.3869032432 -122.177531892 101.286486486
37.3869116517 -122.17747976 101.303303303
37.3869200601 -122.177427628 101.32012012
37.3869284685 -122.177375495 101.336936937
37.3869368769 -122.177323363 101.353753754
37.3869452853 -122.177271231 101.370570571
37.3869536937 -122.177219099 101.387387387
37.3869621021 -122.177166967 101.404204204
37.3869705105 -122.177114835 101.421021021
37.3869789189 -122.177062703 101.437837838
37.3869873273 -122.177010571 101.454654655
37.3869957355 -122.176958439 101.471468725
37.387004142 -122.176906316 101.488259944
37.3870125392 -122.176854235 101.504927983
37.3870208967 -122.176802332 101.521072623
37.3870291216 -122.176751029 101.535461869
37.3870369947 -122.176701314 101.545199003
37.3870441307 -122.176654929 101.545186617
37.3870500446 -122.176614062 101.529011726
37.3870543563 -122.176580431 101.491645744
37.3870570075 -122.176554299 101.432319107
37.3870583 -122.176534303 101.355022573
37.3870587158 -122.176518267 101.26613041
37.3870586861 -122.176504243 101.171346237
37.3870584784 -122.176491022 101.074208072
37.3870582148 -122.176478053 100.976331509
37.3870579376 -122.176465147 100.878273335
37.3870576577 -122.176452252 100.78018018
37.3870573774 -122.176439359 100.682082082
37.3870570971 -122.176426466 100.583983984
37.3870568168 -122.176413574 100.485885886
37.3870565365 -122.176400681 100.387787788
37.3870562563 -122.176387788 100.28968969
37.387055976 -122.176374895 100.191591592
37.3870556957 -122.176362002 100.093493493
37.3870554154 -122.176349109 99.9953953954
37.3870551351 -122.176336216 99.8972972973
37.3870548549 -122.176323323 99.7991991992
37.3870545746 -122.17631043 99.7011011011
37.3870542943 -122.176297538 99.603003003
37.387054014 -122.176284645 99.5049049049
37.3870537337 -122.176271752 99.4068068068
37.3870534535 -122.176258859 99.3087087087
37.3870531732 -122.176245966 99.2106106106
37.3870528929 -122.176233073 99.1125125125
37.3870526126 -122.17622018 99.0144144144
37.3870523323 -122.176207287 98.9163163163
37.3870520519 -122.176194393 98.8182165637
37.3870517702 -122.176181491 98.7201052388
37.387051482 -122.176168549 98.6219340145
37.3870511677 -122.176155442 98.5235201424
37.3870507705 -122.176141814 98.4243361576
37.3870501668 -122.176126889 98.3232348324
37.3870491593 -122.176109424 98.2183836751
37.3870475304 -122.176088055 98.1077631115
37.3870451484 -122.176061951 97.9901489121
37.3870420461 -122.176031319 97.8658460874
37.3870383996 -122.175997267 97.7364902003
37.387034428 -122.175961172 97.604116171
37.3870303029 -122.175924112 97.4703162244
37.3870261205 -122.175886691 97.3359834138
37.387021921 -122.175849164 97.2014931692
37.3870177176 -122.175811611 97.0669661833
37.3870135135 -122.175774054 96.9324324324
37.3870093093 -122.175736496 96.7978978979
37.3870051051 -122.175698939 96.6633633634
37.3870009009 -122.175661381 96.5288288288
37.3869966967 -122.175623824 96.3942942943
37.3869924925 -122.175586266 96.2597597598
37.3869882883 -122.175548709 96.1252252252
37.3869840841 -122.175511151 95.9906906907
37.3869798799 -122.175473594 95.8561561562
37.3869756757 -122.175436036 95.7216216216
37.3869714715 -122.175398478 95.5870870871
37.3869672673 -122.175360921 95.4525525526
37.3869630631 -122.175323363 95.318018018
37.3869588589 -122.175285806 95.1834834835
37.3869546547 -122.175248248 95.0489489489
37.3869504505 -122.175210691 94.9144144144
37.3869462462 -122.175173133 94.7798798799
37.386942042 -122.175135576 94.6453453453
37.3869378378 -122.175098018 94.5108108108
37.3869336336 -122.17506046 94.3762762763
37.3869294297 -122.175022905 94.2417507443
37.3869252279 -122.174985369 94.1072929189
37.3869210372 -122.174947933 93.973191921
37.3869168928 -122.174910909 93.8405681484
37.3869128986 -122.174875228 93.712755366
37.3869092902 -122.174842993 93.5972869202
37.3869064627 -122.174817734 93.5068079179
37.386904884 -122.174803631 93.4562888001
