173.86082518 1471.31134805 5.18127790423
175.755193129 1469.79602194 5.18785591423
179.147488207 1467.08332064 5.19963703447
183.474179538 1463.62770574 5.21467198822
188.253626236 1459.82715387 5.23131427773
193.183524174 1455.95717453 5.24858299797
198.099422262 1452.21636792 5.26604406548
202.902656473 1448.77996877 5.28355159473
207.529128371 1445.78982062 5.30106794022
211.956476208 1443.29841886 5.31858545772
216.210866621 1441.24150105 5.33610297522
220.350411836 1439.48123574 5.35362049272
224.438806668 1437.88326013 5.37113801022
228.533958949 1436.36643876 5.38865552772
232.694188152 1434.90726978 5.40617304522
236.982322042 1433.51837614 5.42369056272
241.451035289 1432.22098059 5.44120808022
246.117505279 1431.02231985 5.45872559772
250.95324952 1429.90643986 5.47624311522
255.901140463 1428.8384167 5.49376063272
260.902538688 1427.76838039 5.51127815022
265.910845918 1426.62213879 5.52879566772
270.88830217 1425.28609521 5.54631318548
275.80074793 1423.61609183 5.56383070298
280.622264889 1421.48954849 5.58134822048
285.34599883 1418.87243746 5.59886573798
289.988303085 1415.84055141 5.61638325548
294.581832866 1412.5318031 5.63390077298
299.16792241 1409.07305974 5.65141783823
303.799552479 1405.53701038 5.66893100098
308.549798502 1401.94161595 5.68642296647
313.50603981 1398.27262004 5.70382410473
318.738669152 1394.51050959 5.72091782172
324.263043808 1390.65080859 5.73718889373
330.030046308 1386.70915006 5.75171873023
335.95585039 1382.70996198 5.76333333822
341.963339143 1378.66813245 5.77108912373
348.003802684 1374.57446352 5.77481011973
354.054699403 1370.39171132 5.77520261172
360.10818045 1366.066183 5.77343173948
366.162133225 1361.55446308 5.77055470898
372.215931069 1356.85023469 5.76723338272
378.268519069 1351.99003661 5.76377206747
384.316039428 1347.03562471 5.76027619473
390.346832566 1342.05456891 5.75677364573
396.33405617 1337.11819822 5.75327014223
402.231621798 1332.309831 5.74976663872
407.983305301 1327.71869234 5.74626313522
413.547265161 1323.40886575 5.74275963173
418.92034294 1319.38557277 5.73925612823
424.140941813 1315.59233626 5.73575262473
429.26931743 1311.94297423 5.73224912122
434.366721271 1308.35811108 5.72874561773
439.491061167 1304.7791351 5.72524211423
444.70309993 1301.16232124 5.72173861073
450.063521895 1297.47278214 5.71823510723
455.613090736 1293.68892119 5.71473160372
461.351927424 1289.81025451 5.71122810023
467.239880496 1285.85592986 5.70772459673
473.218538208 1281.85174423 5.70422109323
479.233809579 1277.81473537 5.70071758973
485.242615668 1273.7441994 5.69721408622
491.208079927 1269.62201221 5.69371058273
497.097973785 1265.42224747 5.69020707923
502.892596956 1261.12685289 5.68670357573
508.593682338 1256.73802346 5.68320007223
514.223421281 1252.27864491 5.67969656872
519.814814736 1247.78416261 5.67619306523
525.405092623 1243.29889935 5.67268956173
531.038741619 1238.88287455 5.66918605823
536.771672079 1234.61703887 5.66568255473
542.661782071 1230.58727494 5.66217905122
548.744555468 1226.84656293 5.65867554773
555.013048732 1223.38443796 5.65517204423
561.421733793 1220.13260069 5.65166854073
567.909068943 1216.99873855 5.64816503723
574.415268706 1213.89317333 5.64466153372
580.88242525 1210.72904328 5.64115803023
587.24830976 1207.41300518 5.63765452673
593.453523958 1203.85596161 5.63415102323
599.464424245 1200.00744718 5.63064751973
605.290969822 1195.88240068 5.62714401622
610.97956816 1191.55043332 5.62364051273
616.586613394 1187.09613631 5.62013700923
622.15553255 1182.58465018 5.61663350573
627.710352472 1178.05201519 5.61313000223
633.261048657 1173.51319461 5.60962649872
638.81079152 1168.97294404 5.60612299523
644.36027355 1164.43254818 5.60261949173
649.909155746 1159.89289744 5.59911598823
655.455068834 1155.35720552 5.59561248472
660.989132886 1150.83731231 5.59210898122
666.48628017 1146.36664145 5.58860547773
671.8935776 1142.01577041 5.58510197423
677.129916137 1137.89284455 5.58159847073
682.111724503 1134.10929225 5.57809496722
686.796599118 1130.72155758 5.57459146372
691.209352883 1127.69603023 5.57108796023
695.423926619 1124.93158141 5.56758445673
699.515771043 1122.31821472 5.56408095323
703.519703778 1119.78317585 5.56057799222
707.412497193 1117.30239029 5.55707858923
711.123483315 1114.88697692 5.55359728473
714.572942899 1112.55978425 5.55018770748
717.722915205 1110.33272562 5.54699964848
720.604346889 1108.19600218 5.54434477673
723.298947135 1106.12565509 5.54269033222
725.898296949 1104.10327079 5.54249953723
728.479944588 1102.13672568 5.54397896772
731.111699704 1100.27327423 5.54694561748
733.861470469 1098.59429293 5.55094611047
736.788014912 1097.18202357 5.55550801672
739.915783999 1096.07161472 5.56030825648
743.22173606 1095.22707224 5.56518766523
746.652473466 1094.56293808 5.57008767297
750.158711488 1093.9866617 5.57499188422
753.722149567 1093.42128318 5.57989676898
757.363826704 1092.79977375 5.58480167372
761.133784678 1092.05557331 5.58970657872
765.083508356 1091.13274162 5.59461148373
769.233063136 1090.01067032 5.59951638847
773.557317343 1088.71633841 5.60442129347
778.004366327 1087.31034112 5.60932619847
782.531243816 1085.8646647 5.61423110323
787.133070407 1084.45842835 5.61913600823
791.853440657 1083.19071715 5.62404091298
796.770937102 1082.180923 5.62894581798
801.960318632 1081.53271568 5.63385072298
807.446307773 1081.28023194 5.63875562773
813.185176962 1081.36712176 5.64366053273
819.087701474 1081.68195677 5.64856543773
825.054505359 1082.11659159 5.65347034247
830.987417313 1082.60044876 5.65837524747
836.777176966 1083.10010465 5.66328015222
842.301946136 1083.60371935 5.66818505722
847.461878198 1084.10809846 5.67309055147
852.229141328 1084.61250631 5.67800136323
856.663059138 1085.1164375 5.68294130423
860.868889157 1085.61830682 5.68800724823
864.932164358 1086.11312652 5.69350400223
868.872593032 1086.58888318 5.70016571972
872.635060689 1087.02386329 5.70931933772
876.117931578 1087.38986978 5.72268801022
879.231420469 1087.66369892 5.74169047998
881.956576732 1087.8403711 5.76663645023
884.362555535 1087.93670812 5.79652483948
886.575181651 1087.98240913 5.82964807573
888.740547782 1088.00858853 5.86443525897
891.025338752 1088.04420023 5.89989415098
893.638640981 1088.11913698 5.93556557073
896.816156165 1088.26416963 5.97128963398
900.737276247 1088.50205497 6.00702389597
905.429600954 1088.8362152 6.04275963173
910.753063472 1089.24866274 6.07849536747
916.483787133 1089.7094841 6.11423110323
922.421449668 1090.1878092 6.14996683898
928.441789001 1090.65468414 6.18570257472
934.488062332 1091.07997184 6.22143831048
940.540714161 1091.43311579 6.25717404622
946.594594595 1091.69253462 6.29290978198
952.648648649 1091.85640716 6.32864551773
958.702702703 1091.94337119 6.36438125347
964.756756757 1091.9814538 6.40011698923
970.810810811 1091.99502991 6.43585272497
976.864864865 1091.99892842 6.47158846073
982.918918919 1091.99982115 6.50732419648
988.972972973 1091.99998071 6.54305993222
995.026930571 1092.00001929 6.57879566773
1001.08018686 1092.00017885 6.61453140348
1007.12977723 1092.00107158 6.65026713923
1013.16433874 1092.00497009 6.68600287497
1019.15051223 1092.0185462 6.72173923698
1025.01415324 1092.05662881 6.75748008823
1030.63338714 1092.14359284 6.79324432197
1035.8680785 1092.30746538 6.82910400423
1040.62501673 1092.56707953 6.86526942823
1044.91317575 1092.92180098 6.90220445273
1048.83981871 1093.355842 6.94066403248
1052.55528373 1093.860646 6.98150390123
1056.20316331 1094.46991156 7.02527680748
1059.91269427 1095.29447961 7.07190532497
1063.81318671 1096.52884263 7.12073229048
1068.02622344 1098.39494837 7.17089807448
1072.62431841 1101.03244472 7.22170871323
1077.59431038 1104.4140611 7.27276486922
1082.84727027 1108.36247477 7.32389484223
1088.26796352 1112.64983287 7.37504231922
1093.75936078 1117.0895906 7.42619306523
1099.25435627 1121.56377301 7.47734421648
1104.70560928 1126.00340432 7.52849536747
1110.0781495 1130.36648602 7.57964651872
1115.35372764 1134.63303345 7.63079766973
1120.53644379 1138.80694732 7.68194882098
1125.64648404 1142.90911085 7.73309997223
1130.70089292 1146.95935672 7.78425112323
1135.68964439 1150.95559378 7.83540227448
1140.55698989 1154.85901395 7.88655342573
1145.20243321 1158.59549202 7.93770457673
1149.51596119 1162.08291443 7.98885572798
1153.4370234 1165.27594404 8.04000687897
1156.99289041 1168.19492971 8.09115803022
1160.28178753 1170.91294569 8.14230918147
1163.41963299 1173.51471067 8.19346033248
1166.49897534 1176.06336912 8.24461148373
1169.58269716 1178.59284971 8.29576263473
1172.71610171 1181.11685262 8.34691378598
1175.93269953 1183.63961794 8.39806493723
1179.24807452 1186.16225621 8.44921369372
1182.654748 1188.68549326 8.50034665072
1186.13064299 1191.2118918 8.55139910698
1189.66000472 1193.75084732 8.60213182548
1193.25755809 1196.32869059 8.65187434647
1196.98609036 1199.0004663 8.69922506898
1200.9522626 1201.84927957 8.74206789122
1205.2660917 1204.95857416 8.77827808673
1209.97904475 1208.36730992 8.80686534223
1215.04996412 1212.0454524 8.82860391548
1220.36961942 1215.91489816 8.84552827322
1225.81480141 1219.89728088 8.85980209747
1231.27904645 1223.95184411 8.87293158172
1236.66559095 1228.08698657 8.88567311548
1241.87443502 1232.34826833 8.89831122323
1246.81797401 1236.78801491 8.91092761573
1251.45960544 1241.42898614 8.92354041247
1255.83367693 1246.24644919 8.93615302523
1260.01921646 1251.18057395 8.94876563773
1264.08642644 1256.15972755 8.96137825048
1268.05285588 1261.10619854 8.97399086298
1271.86722885 1265.9227212 8.98660347572
1275.4261581 1270.48938996 8.99921608822
1278.62583396 1274.69788674 9.01182870098
1281.42660599 1278.50740695 9.02444131348
1283.88215998 1281.97031551 9.03705392622
1286.11120341 1285.20035385 9.04966653872
1288.24941731 1288.31662017 9.06227915122
1290.43382874 1291.41371877 9.07489176398
1292.82184224 1294.56752298 9.08750437648
1295.59567747 1297.84712421 9.10011698923
1298.91167889 1301.30696349 9.11272960173
1302.82116064 1304.96523379 9.12534221447
1307.2392902 1308.79690366 9.13795482697
1311.99751165 1312.75897914 9.15056743973
1316.92904019 1316.83848812 9.16317999373
1321.91670008 1321.10192785 9.17579198972
1326.88930772 1325.72201994 9.18840089822
1331.80086368 1330.94700052 9.20099630748
1336.62218772 1336.99435528 9.21354504247
1341.34514841 1343.9236411 9.22596612023
1345.98286612 1351.59294402 9.23811106322
1350.55531442 1359.73214522 9.24978391048
1355.06392553 1368.04405281 9.26081948648
1359.46557287 1376.23204127 9.27117673172
1363.65962373 1383.96413442 9.28096545072
1367.50788093 1390.87687429 9.29037953773
1370.89504704 1396.6849992 9.29959981472
1373.7962012 1401.32657646 9.30874147997
1376.29459799 1404.99926472 9.31785817498
1378.53521902 1408.04364018 9.32696866523
1380.66281876 1410.7843968 9.33607795023
1382.79673223 1413.45452597 9.34518705922
1385.04166539 1416.21133074 9.35429616822
1387.49516335 1419.17067023 9.36340527748
1390.22691457 1422.40713816 9.37251438648
1393.2476695 1425.9327819 9.38162349573
1396.50449617 1429.69631217 9.39073260473
1399.91151196 1433.617633 9.39984171398
1403.38776621 1437.63328313 9.40895082298
1406.8732395 1441.7235066 9.41805993222
1410.32360905 1445.91311329 9.42716904122
1413.70342947 1450.25099404 9.43627815023
1416.98988256 1454.7771098 9.44538725947
1420.18121361 1459.4945536 9.45449636847
1423.29764331 1464.36648346 9.46360547773
1426.37350098 1469.33894597 9.47271458672
1429.45191398 1474.36944208 9.48182369598
1432.59008626 1479.44243902 9.49093280498
1435.8658184 1484.56830272 9.50004191398
1439.3655917 1489.77055756 9.50915102323
1443.14935619 1495.06785486 9.51826064148
1447.2169909 1500.46019461 9.52737396097
1451.5079336 1505.92892551 9.53650662848
1455.93343037 1511.45052316 9.54571861472
1460.40900883 1517.01462165 9.55518598248
1464.86263612 1522.63675373 9.56530004923
1469.22680996 1528.35941847 9.57670404248
1473.43917393 1534.23656926 9.59013756573
1477.46084789 1540.30483107 9.60609302223
1481.2952758 1546.55979213 9.62452583323
1484.98621353 1552.95505413 9.64488347773
1488.59721853 1559.41728186 9.66642410948
1492.1956578 1565.85073692 9.68853961697
1495.85497193 1572.11984769 9.71087583097
1499.66194134 1578.0376726 9.73327890973
1503.70437758 1583.40446177 9.75569795147
1508.03572801 1588.09651743 9.77811999223
1512.64548411 1592.13686296 9.80054241448
1517.46466646 1595.67792278 9.82296483698
1522.39834622 1598.90893003 9.84538725948
1527.34933131 1601.96399517 9.86780968198
1532.21452334 1604.88342934 9.89023210422
1536.87487346 1607.62797702 9.91265452672
1541.21334217 1610.12611131 9.93507694922
1545.16318883 1612.33182455 9.95749937148
1548.74503481 1614.26124556 9.97992179398
1552.05468862 1615.98559686 10.0023442165
1555.21609102 1617.5950459 10.0247666387
1558.34783564 1619.17060301 10.0471890612
1561.56573814 1620.78218945 10.0696114837
1564.99523348 1622.49751044 10.092033906
1568.75426085 1624.37712078 10.1144563285
1572.90523213 1626.452645 10.136878751
1577.42076984 1628.71063631 10.1593011732
1582.20030833 1631.10161771 10.1817235957
1587.11904945 1633.5661501 10.2041460182
1592.0593769 1636.05378125 10.226567436
1596.90547503 1638.52424768 10.2489821812
1601.53093154 1640.94137961 10.2713628675
1605.81866461 1643.27449321 10.293607965
1609.7108435 1645.50883898 10.3154319262
1613.24063718 1647.65290592 10.3362348747
1616.5082985 1649.73302053 10.3551045097
1619.62069203 1651.78059667 10.3711129695
1622.64179516 1653.82479408 10.383809133
1625.57733415 1655.89456669 10.3935027032
1628.38848845 1658.0217619 10.4010624627
1631.02459493 1660.23543581 10.4074318555
1633.46080992 1662.5489756 10.413279219
1635.71725438 1664.9530466 10.418946345
1637.845418 1667.42461191 10.4245644065
1639.89534257 1669.94856164 10.4301719237
1641.88806707 1672.54197015 10.4357776497
1643.80529097 1675.271144 10.4413832555
1645.59772951 1678.24582673 10.446988861
1647.21197544 1681.57603465 10.4525944667
1648.62480844 1685.308786 10.4582000722
1649.85973067 1689.39649883 10.463805678
1650.9712215 1693.72701265 10.4694112835
1652.01229034 1698.18313456 10.475016889
1653.01113957 1702.67875436 10.4806224947
1653.96644764 1707.15736278 10.4862281002
1654.85649733 1711.5774206 10.491833706
1655.65644643 1715.90870351 10.4974393115
1656.35647642 1720.14033023 10.503044917
1656.9693309 1724.28512985 10.5086505227
1657.52158294 1728.37091695 10.5142561282
1658.03678855 1732.42539324 10.519861734
1658.52269025 1736.46690694 10.5254673395
1658.96768219 1740.50423498 10.5310729452
1659.34661412 1744.54050919 10.5366785507
1659.63485357 1748.57660551 10.542284277
1659.82426249 1752.61296528 10.5478912315
1659.92965309 1756.65097517 10.5535050615
1659.98170917 1760.69628863 10.559149323
1660.01660055 1764.76717257 10.5649001282
1660.07459068 1768.9088652 10.5709459695
1660.20613181 1773.20555918 10.57763765
1660.47066302 1777.77021275 10.5854458285
1660.9177192 1782.70022609 10.59477642
1661.56121131 1788.02247311 10.6057420435
1662.37185275 1793.67520548 10.6180886615
1663.29859996 1799.54365444 10.6313512807
1664.30367419 1805.51236051 10.645090385
1665.38923472 1811.48953487 10.6590236322
1666.60455231 1817.40001094 10.6730187745
1668.02864191 1823.17624206 10.6870293432
1669.72969631 1828.76877899 10.701042915
1671.72287658 1834.16660649 10.7150569292
1673.96030707 1839.40105972 10.7290709432
1676.36343267 1844.5227517 10.7430849572
1678.87136278 1849.56686738 10.7570989712
1681.47353939 1854.52772817 10.7711129852
1684.21455749 1859.35322519 10.7851269992
1687.17103194 1863.96412731 10.7991410132
1690.40709475 1868.29556454 10.8131550272
1693.93235418 1872.33748837 10.8271690412
1697.69368536 1876.14152567 10.8411830552
1701.60520565 1879.78777241 10.8551970692
1705.58596441 1883.33968984 10.8692110832
1709.5759422 1886.81703394 10.8832250972
1713.53081626 1890.19499482 10.8972391112
1717.41514118 1893.42468163 10.9112531252
1721.20604813 1896.46606592 10.9252671392
1724.9014522 1899.31561437 10.9392811532
1728.51994777 1902.00800055 10.9532951672
1732.08956191 1904.5887749 10.9673091815
1735.63466955 1907.07543322 10.981322693
1739.17009959 1909.42700818 10.9953324935
1742.70252386 1911.53829556 11.0093228182
1746.23421494 1913.27349266 11.023232927
1749.76578506 1914.53483108 11.0368833382
1753.29747614 1915.32279472 11.0498719142
1756.82990041 1915.73760081 11.061530815
1760.36533045 1915.92414241 11.0710809202
1763.91043809 1916.01431106 11.07798809
1767.48005223 1916.10838967 11.082275787
1771.0985478 1916.28638214 11.0845097917
1774.79395187 1916.61484636 11.0854704047
1778.58503244 1917.13376841 11.0858069845
1782.47075959 1917.84005631 11.0859021167
1786.43341437 1918.69063171 11.0859235877
1790.45710688 1919.62438159 11.0859273645
1794.55425715 1920.58103181 11.0859278
1798.78910784 1921.50267452 11.0859278
1803.28103056 1922.32756959 11.0859278
1808.16801933 1922.99589006 11.0859278
1813.53711257 1923.47161252 11.0859278
1819.3708899 1923.76129581 11.0859278
1825.55686961 1923.90906442 11.0859278
1831.94642998 1923.97122748 11.0859278
1838.40513509 1923.99254275 11.0859278
1844.82068859 1923.99844478 11.0859278
1851.08892973 1923.99975112 11.0859278
1857.11724699 1923.99997589 11.0859278
1862.8543736 1923.99997347 11.0859278
1868.31553287 1923.99976675 11.0859278
1873.57254799 1923.99863445 11.0859278
1878.71837457 1923.99378845 11.0859278
1883.84195781 1923.97729385 11.0859278
1889.03015946 1923.93221017 11.0859278
1894.37705574 1923.83216641 11.0859278
1899.97110105 1923.64926298 11.0859278
1905.8592779 1923.36828656 11.0859280412
1912.02204067 1922.99615889 11.085929895
1918.38874223 1922.55803102 11.0859399962
1924.88354384 1922.0851025 11.0859830115
1931.46836873 1921.6067774 11.0861285732
1938.16222134 1921.15200962 11.086523718
1945.03251052 1920.75240225 11.0873937487
1952.15856747 1920.43722574 11.0889708075
1959.58143443 1920.22089075 11.091372421
1967.27416885 1920.09484182 11.0945282022
1975.15349112 1920.03274524 11.0982257017
1983.10950051 1920.00318712 11.1022292355
1991.01083314 1919.97700772 11.1063689467
1998.67888612 1919.92525313 11.110556455
2005.87960873 1919.81607594 11.1147572125
2012.38675964 1919.62042004 11.1189608732
2018.09579576 1919.32493203 11.1231650372
2023.08782266 1918.93913295 11.1273692415
2027.57678788 1918.48695752 11.1315734457
2031.79259156 1917.9868193 11.1357776497
2035.90217124 1917.43084189 11.139981854
2040.00379358 1916.77177081 11.1441860582
2044.15562314 1915.92822959 11.1483902625
2048.39398214 1914.81796437 11.1525944667
2052.73245919 1913.40560328 11.1567986707
2057.15887498 1911.72595447 11.161002875
2061.64226768 1909.85912764 11.1652070792
2066.14309618 1907.87904989 11.1694112835
2070.61260293 1905.81317205 11.1736154877
2074.98243761 1903.62993562 11.177819692
2079.16432289 1901.25427794 11.182023896
2083.07746187 1898.6089934 11.1862281002
2086.69126098 1895.66423395 11.1904323045
2090.04457874 1892.45899316 11.1946365087
2093.22085896 1889.07671482 11.198840713
2096.30320674 1885.60050404 11.2030448837
2099.34666676 1882.08540549 11.207248682
2102.37756981 1878.55774999 11.2114503665
2105.40531136 1875.02693298 11.2156425627
2108.43241073 1871.4954955 11.2198010692
2111.45919496 1867.96396396 11.2238650107
2114.4847416 1864.43243243 11.2277193007
2117.50481056 1860.9009009 11.2312069352
2120.50570166 1857.36936937 11.234189445
2123.45348623 1853.83783784 11.2366245977
2126.2850198 1850.30630631 11.2385939085
2128.91558368 1846.77477477 11.2402522575
2131.27212291 1843.24321431 11.2417479977
2133.33444337 1839.7113928 11.2431771987
2135.14866148 1836.17814132 11.2445851125
2136.80006123 1832.63870423 11.245987706
2138.37274333 1829.07811829 11.2473892615
2139.92954269 1825.46034323 11.2487906627
2141.51597749 1821.72023852 11.2501920642
2143.1686092 1817.77321294 11.2515934657
2144.91288972 1813.54957091 11.252994867
2146.75434794 1809.03375574 11.2543962685
2148.6766821 1804.27314956 11.2557976697
2150.65195013 1799.34455042 11.2571990712
2152.65444638 1794.30344015 11.2586004727
2154.66793423 1789.14765948 11.260001874
2156.6848998 1783.81023456 11.2614032755
2158.70272682 1778.18639594 11.262804677
2160.72067732 1772.18999278 11.2642060782
2162.73831102 1765.80843491 11.2656074797
2164.75412996 1759.11433275 11.267008881
2166.76234743 1752.22926912 11.2684102825
2168.74547407 1745.28255411 11.269811684
2170.66324642 1738.40342453 11.2712130852
2172.4465318 1731.7354729 11.2726144867
2174.01099399 1725.42903733 11.274015888
2175.29392135 1719.59133032 11.2754167502
2176.29090645 1714.2309956 11.276813557
2177.06118034 1709.25319625 11.2781889915
2177.70142874 1704.51149464 11.2794759462
2178.32228129 1699.86526368 11.2804747427
2179.05297482 1695.19798384 11.2807341647
2180.05578227 1690.40516725 11.2794968235
2181.50593888 1685.39124223 11.2758660515
2183.52387973 1680.09380989 11.2692093947
2186.10912094 1674.51202345 11.2595268535
2189.13877859 1668.70399629 11.2474508815
2192.42852706 1662.74939197 11.233878146
2195.78940609 1656.70599554 11.2195660362
2199.03286329 1650.58652431 11.2049657682
2201.95076931 1644.36098083 11.1902770205
2204.3343301 1637.97961319 11.1755669005
2206.04980688 1631.40679383 11.160852725
2207.10915547 1624.64662715 11.1461380102
2207.66270051 1617.74297029 11.1314232955
2207.92189312 1610.7593807 11.1167085807
2208.09059997 1603.76322537 11.101993866
2208.3559657 1596.8279449 11.0872791512
2208.90904054 1590.04031972 11.0725644367
2209.93123428 1583.48816137 11.057849722
2211.53101193 1577.22496542 11.0431350072
2213.68822508 1571.24050894 11.0284202925
2216.2677365 1565.46720158 11.0137055777
2219.09015365 1559.81534709 10.998990863
2221.99114782 1554.20278112 10.9842761482
2224.82946878 1548.55887854 10.9695614337
2227.46984137 1542.81600177 10.954846719
2229.78995491 1536.91299547 10.9401320042
2231.72180043 1530.81585517 10.9254172895
2233.28604186 1524.53491282 10.9107025747
2234.57994224 1518.11879995 10.89598786
2235.73301863 1511.63227508 10.8812731452
2236.87973442 1505.14256991 10.8665576602
2238.16978626 1498.72453277 10.8518369847
2239.78135111 1492.46725213 10.8370897082
2241.88816733 1486.45759718 10.8222359957
2244.58307343 1480.74221866 10.8070495865
2247.82484846 1475.30182272 10.7910501347
2251.46262466 1470.06734499 10.7734958725
2255.3092048 1464.96886666 10.753612401
2259.18816445 1459.98502279 10.7309921447
2262.92578011 1455.17010655 10.705846265
2266.33243335 1450.64559947 10.6788671067
2269.23250142 1446.54654693 10.650839692
2271.53939497 1442.94232294 10.622339451
2273.30374484 1439.78979396 10.5936707622
2274.68016531 1436.95808053 10.5649546317
2275.84461241 1434.29324505 10.5362279327
2276.9369368 1431.65826579 10.5074993715
2278.05746909 1428.92672139 10.4787706427
2279.28648691 1425.9670765 10.450041914
2280.68706855 1422.66186517 10.4213131855
2282.28683655 1418.95789219 10.3925844567
2284.06566643 1414.89598183 10.363855728
2285.96942325 1410.58533554 10.3351269992
2287.93815424 1406.14916255 10.3063982705
2289.92322654 1401.69392653 10.2776695417
2291.88578441 1397.31639103 10.248940813
2293.79001143 1393.11655598 10.2202120842
2295.60599375 1389.18201152 10.1914833555
2297.32138728 1385.5490922 10.1627546267
2298.94769053 1382.18202719 10.134025898
2300.5116011 1378.99537051 10.1052971692
2302.03776137 1375.89657161 10.0765684407
2303.53532161 1372.80867057 10.047839712
2304.99376232 1369.66463862 10.0191109832
2306.38806262 1366.39791565 9.99038225448
2307.69248247 1362.95252768 9.96165332472
2308.89701696 1359.3074774 9.93292187898
2310.01437594 1355.4877277 9.90417591647
2311.07113249 1351.54518322 9.87536370773
2312.0908426 1347.52281024 9.84631251448
2313.08124881 1343.42548815 9.81658043322
2314.03074526 1339.20962241 9.78531818048
2314.91418169 1334.79663047 9.75134733722
2315.70690394 1330.11173174 9.71360565523
2316.40057457 1325.1300043 9.67174119972
2317.00898928 1319.89415923 9.62634160298
2317.5585918 1314.48918116 9.57856757723
2318.07185175 1309.00074585 9.52954563673
2318.55510394 1303.49309595 9.48001096322
2318.99565611 1298.01234734 9.43031171998
2319.36822869 1292.59561953 9.38057123898
2319.64926298 1287.26965594 9.33082269497
2319.83216641 1282.04170746 9.28107294522
2319.93221017 1276.89661866 9.23132319547
2319.97729385 1271.80648993 9.18157344573
2319.99378845 1266.74495029 9.13182369598
2319.99863445 1261.69505925 9.08207394623
2319.99976675 1256.6488819 9.03232419648
2319.99997347 1251.60363013 8.98257444673
2320.00002411 1246.55859473 8.93282469698
2320.00024888 1241.51388683 8.88307494722
2320.00155522 1236.4708013 8.83332519747
2320.00745725 1231.43460931 8.78357544772
2320.02877252 1226.42153715 8.73382569797
2320.09093558 1221.46973671 8.68407594823
2320.23870419 1216.64634457 8.63432619848
2320.52838748 1212.03582446 8.58457644873
2321.00413888 1207.70439205 8.53482669897
2321.67271555 1203.66208391 8.48507694923
2322.49907668 1199.85584753 8.43532719948
2323.42725309 1196.19980025 8.38557744973
2324.40716422 1192.61299144 8.33582804823
2325.40774455 1189.03540166 8.28608131998
2326.41480838 1185.42270815 8.23634874698
2327.42346683 1181.73946551 8.18667510298
2328.43249995 1177.96282177 8.13719461722
2329.44208428 1174.0908021 8.08821335772
2330.45434481 1170.14254298 8.04025081173
2331.47768454 1166.14817223 7.99393121972
2332.53710669 1162.13831559 7.94970720573
2333.68911136 1158.14192698 7.90759753998
2335.02853686 1154.1893878 7.86717491097
2336.6676615 1150.31104023 7.82781602223
2338.68569881 1146.52723715 7.78898660147
2341.08276976 1142.83785761 7.75036493848
2343.78027303 1139.22193648 7.71180744873
2346.6682029 1135.64685901 7.67326553922
2349.6583929 1132.07557197 7.63472659872
2352.70917182 1128.46429255 7.59618806022
2355.81991136 1124.75802007 7.55764952173
2359.0102356 1120.89859963 7.51911098323
2362.29657053 1116.84814846 7.48057244473
2365.67639095 1112.6098032 7.44203390598
2369.1267605 1108.22477849 7.40349536747
2372.61223379 1103.74685406 7.36495682898
2376.08848804 1099.2150255 7.32641829048
2379.49550383 1094.64060235 7.28787975198
2382.7523305 1090.01020392 7.24934121347
2385.77308543 1085.29970342 7.21080267473
2388.50476431 1080.49258713 7.17226413622
2390.95768926 1075.59257473 7.13372559773
2393.19946508 1070.62246644 7.09518705923
2395.31978804 1065.6130331 7.05664852073
2397.40082249 1060.59416745 7.01810998222
2399.51319354 1055.59482341 6.97957144372
2401.72453877 1050.64611539 6.94103290497
2404.09601353 1045.77774253 6.90249436648
2406.66170188 1041.00657967 6.86395549648
2409.41173288 1036.32795457 6.82541437372
2412.29971112 1031.72015423 6.78686168147
2415.26924246 1027.16055785 6.74826256798
2418.27689988 1022.6433217 6.70951784698
2421.29865654 1018.19031333 6.67041576247
2424.32453693 1013.849287 6.63062667698
2427.35137064 1009.67445666 6.58980184548
2430.37852306 1005.69583037 6.54775073998
2433.40666234 1001.89932272 6.50455782498
2436.43975014 998.233825761 6.46052753623
2439.49258633 994.63398043 6.41601286822
2442.60695047 991.032622681 6.37127692297
2445.87106436 987.354200319 6.32646107023
2449.42010974 983.508470849 6.28162239348
2453.39337207 979.409036269 6.23677856047
2457.86127321 975.012972075 6.19193380598
2462.78105447 970.345835635 6.14708896123
2468.02270512 965.485788333 6.10224411623
2473.43541938 960.523939992 6.05739927147
2478.89095244 955.538992892 6.01255442672
2484.28123118 950.59946055 5.96770958172
2489.50242194 945.773183491 5.92286473698
2494.46487337 941.119515455 5.87801989198
2499.12825309 936.66528245 5.83317504723
2503.52269049 932.390566072 5.78833020248
2507.72806052 928.243012567 5.74348535748
2511.82933686 924.16927649 5.69864051272
2515.88567186 920.139120887 5.65379566772
2519.92677098 916.15179422 5.60895082298
2523.96380828 912.228214165 5.56410597823
2527.99999277 908.39402313 5.51926113323
2532.03603604 904.660750388 5.47441628848
2536.07207207 901.017430383 5.42957144372
2540.10810811 897.440564871 5.38472659872
2544.14414414 893.916685548 5.33988205023
2548.18018018 890.466347594 5.29504190473
2552.21621622 887.159222863 5.25022768098
2556.25225225 884.105305914 5.20553407348
2560.28830758 881.410202081 5.16128354997
2564.32460445 879.11393455 5.11831634848
2568.36229492 877.162885064 5.07827546572
2572.40634505 875.438346144 5.04348020023
2576.47333768 873.804636742 5.01606631022
2580.60569556 872.124729819 4.99679514872
2584.88494989 870.24122082 4.98455770923
2589.42422894 867.971890096 4.97707299898
2594.325494 865.160393178 4.97209827848
2599.62239795 861.755415937 4.96815885098
2605.25785039 857.841790884 4.96455274648
2611.11759624 853.588073939 4.96103036997
2617.08435666 849.161049905 4.95752439648
2623.06493508 844.67789451 4.95402089298
2628.98381155 840.209791378 4.95051738947
2634.77266703 835.802739926 4.94701388598
2640.37956846 831.485872156 4.94351038248
2645.79003374 827.26693269 4.94000687898
2651.03287303 823.130852893 4.93650337548
2656.1575447 819.049733175 4.93299987197
2661.19683972 814.997202544 4.92949636848
2666.1365854 810.956320507 4.92599286498
2670.90579746 806.919152171 4.92248936148
2675.39726391 802.882909408 4.91898585798
2679.51964847 798.846822733 4.91548235447
2683.25325184 794.810561935 4.91197885098
2686.66497379 790.773219554 4.90847534748
2689.87185383 786.731281484 4.90497184398
2692.99294082 782.673930187 4.90146834048
2696.13133313 778.575731084 4.89796483697
2699.38422285 774.39192644 4.89446133348
2702.84653882 770.066207115 4.89095782998
2706.5872894 765.554434145 4.88745402497
2710.61718144 760.849949542 4.88394785273
2714.88375015 755.988285408 4.88042907773
2719.3030418 751.027339809 4.87685751498
2723.79993552 746.023023102 4.87311171023
2728.32783304 741.019821962 4.86891205622
2732.86545581 736.054966311 4.86377846497
2737.40547051 731.161457098 4.85712526823
2741.94592907 726.361519434 4.84851626523
2746.48632578 721.657106357 4.83791626248
2751.02605344 717.029601783 4.82571399898
2755.5630113 712.450978635 4.81249337273
2760.09094855 707.896861982 4.79876219447
2764.59574018 703.352422932 4.78482939922
2769.0536766 698.810989656 4.77083398397
2773.43668823 694.270289561 4.75682329397
2777.72493794 689.729768312 4.74280968198
2781.91818377 685.189546879 4.72879566773
2786.03503846 680.65079181 4.71478165373
2790.09902639 676.118048289 4.70076763973
2794.12051349 671.604659973 4.68675362573
2798.08396699 667.140284648 4.67273961172
2801.94688784 662.773672173 4.65872559772
2805.65532263 658.560876707 4.64471158373
2809.1725596 654.539238924 4.63069756973
2812.50248301 650.70551212 4.61668355573
2815.68891624 647.018464752 4.60266954172
2818.79541673 643.424317111 4.58865552772
2821.88935149 639.884073603 4.57464151373
2825.04416111 636.386424676 4.56062749973
2828.34662602 632.944751032 4.54661348573
2831.88455776 629.583179459 4.53259947172
2835.7114278 626.318247794 4.51858545772
2839.8168704 623.146379122 4.50457144373
2844.13260069 620.045467791 4.49055742973
2848.56630612 616.987359231 4.47654341547
2853.02830846 613.949674573 4.46252880373
2857.43174598 610.919696529 4.44851009422
2861.68327545 607.89201633 4.43447028823
2865.69379945 604.864876922 4.42034558323
2869.41279953 601.837943939 4.40595359823
2872.85490715 598.811743819 4.39090265898
2876.08824276 595.78924599 4.37457797172
2879.19182131 592.78160297 4.35632029473
2882.21491356 589.820554321 4.33575629348
2885.15967878 586.973862021 4.31302556948
2887.98833824 584.347010039 4.28868972072
2890.64984837 582.051596733 4.26341501273
2893.11503831 580.148533251 4.23770627097
2895.39847735 578.610461809 4.21183883623
2897.55288511 577.338370553 4.18592550423
2899.64954059 576.213381277 4.16000167472
2901.77231967 575.13458952 4.13407594823
2904.03206326 574.021468343 4.10815002223
2906.57308656 572.80167814 4.08222409623
2909.53750175 571.413851278 4.05629817023
2912.99653374 569.828551465 4.03037224448
2916.90825869 568.063107651 4.00444631848
2921.14606837 566.171866818 3.97852039248
2925.57168427 564.223920371 3.95259446672
2930.09196932 562.295141647 3.92666854073
2934.6722433 560.480134938 3.90074261473
2939.31947938 558.897998458 3.87481668897
2944.05528457 557.662473624 3.84889076297
2948.8911829 556.825891597 3.82296483698
2953.81676083 556.347261415 3.79703891098
2958.80536121 556.117367163 3.77111298522
2963.82865948 556.01299961 3.74518705922
2968.86693821 555.927695095 3.71926113323
2973.91029556 555.764690051 3.69333520748
2978.95500685 555.423984565 3.66740928147
2984.00000723 554.817986072 3.64148331198
2989.04514884 553.910315366 3.61555649273
2994.09086139 552.736506076 3.58962454048
2999.13928182 551.380934525 3.56366814248
3004.19785951 549.932426562 3.53762004672
3009.28639809 548.458040298 3.51130147097
3014.44433247 547.00508704 3.48435640523
3019.72831175 545.611802346 3.45627343397
3025.19159235 544.307507887 3.42657168348
3030.8543346 543.102842977 3.39506814697
3036.69003428 541.984656779 3.36199689872
3042.64057915 540.923893181 3.32786014673
3048.64227441 539.888704774 3.29315806073
3054.63721222 538.850137643 3.25822192798
3060.56707311 537.77903205 3.22321022098
3066.36902931 536.643974114 3.18817948622
3071.99039168 535.418630117 3.15314501723
3077.41384992 534.094444597 3.11810998223
3082.66720884 532.685828217 3.08307494723
3087.80476928 531.222051432 3.04803991197
3092.87603719 529.734717317 3.01300487697
3097.90499175 528.252779786 2.97796984197
3102.88729662 526.805642912 2.94293480697
3107.80063218 525.424506232 2.90789977197
3112.62221666 524.13453045 2.87286473697
3117.34546732 522.942714668 2.83782970198
3121.98490498 521.834235216 2.80279466672
3126.56525883 520.782777711 2.76775963172
3131.10292436 519.766958911 2.73272459672
3135.59081522 518.781851742 2.69768956172
3139.99343927 517.841234828 2.66265452672
3144.25719051 516.970517106 2.62761949172
3148.33639478 516.19215694 2.59258445672
3152.2211583 515.510980255 2.55754942148
3155.9447107 514.910138727 2.52251438648
3159.56469323 514.359933215 2.48747935147
3163.13792593 513.829249312 2.45244509023
3166.70959934 513.289133103 2.41741706922
3170.31712006 512.70969185 2.38242246498
3173.99387524 512.060154699 2.34756878448
3177.76334517 511.317764847 2.31318381873
3181.62929314 510.479100112 2.28002993898
3185.57473826 509.562148072 2.24943198572
3189.57362485 508.59682221 2.22303106923
3193.6067424 507.613992599 2.20208177473
3197.67197932 506.642613155 2.18673191522
3201.78528698 505.712820949 2.17592624373
3205.97233302 504.855172494 2.16803108673
3210.25334381 504.091266044 2.16160516698
3214.62943649 503.423032832 2.15576293673
3219.07976147 502.832377176 2.15010292573
3223.56788869 502.293372742 2.14448755423
3228.04443998 501.78789541 2.13888075298
3232.43808635 501.315241313 2.13327514722
3236.64731766 500.892448196 2.12766954173
3240.55758302 500.545313044 2.12206393623
3244.0892303 500.293002918 2.11645833048
3247.24298532 500.135154904 2.11085272498
3250.10217349 500.050765309 2.10524711923
3252.79498124 500.007219374 2.09964151373
3255.46294969 499.967463864 2.09403590798
3258.26638118 499.88771597 2.08843030248
3261.40090346 499.712975023 2.08282469697
3265.07110906 499.385086119 2.07721909123
3269.40965258 498.866188184 2.07161348572
3274.40435804 498.159549725 2.06600787998
3279.90486706 497.307029143 2.06040227447
3285.6997285 496.364850584 2.05479666873
3291.58507571 495.379102491 2.04919106322
3297.37376403 494.376627177 2.04358545773
3302.87474325 493.369084222 2.03797985197
3307.90660355 492.360331424 2.03237424648
3312.36078351 491.351375465 2.02676877472
3316.2568604 490.342557459 2.02116423023
3319.72719325 489.334600895 2.01556447172
3322.94070948 488.330122057 2.00998403373
3326.03168229 487.336634815 2.00446465997
3329.07641542 486.370375796 1.99909655447
3332.10736148 485.457050639 1.99402252573
3335.13506279 484.624601429 1.98939780797
3338.16218869 483.889436025 1.98531340823
3341.18942244 483.246640233 1.98174117197
3344.21758177 482.673743634 1.97855212273
3347.2494548 482.145337289 1.97558960973
3350.29297642 481.647642576 1.97273300247
3353.36508713 481.185586567 1.96991555972
3356.49215792 480.780552506 1.96710957173
3359.70208837 480.458854775 1.96430623198
3363.01014969 480.235345979 1.96150337548
3366.40974929 480.103191597 1.95870057273
3369.87732849 480.038027112 1.95589776997
3373.3876077 480.011612961 1.95309496722
3376.92789468 480.002900985 1.95029216423
3380.50452423 480.00058163 1.94748936148
3384.13996597 480.000088167 1.94468655872
3387.86066363 480.000007234 1.94188375597
3391.68035021 480.000031348 1.93908095323
3395.59033732 480.000269523 1.93627815023
3399.56427677 480.001561532 1.93347534747
3403.57075469 480.007039195 1.93067254472
3407.58061132 480.025479444 1.92786974198
3411.56489277 480.075230509 1.92506693923
3415.49175162 480.183994089 1.92226413622
3419.33213175 480.379584781 1.91946133348
3423.0727473 480.675000447 1.91665853073
3426.72349205 481.06029173 1.91385572798
3430.31009639 481.509723432 1.91105292523
3433.85758119 481.998274663 1.90825013897
3437.37646597 482.515425922 1.90544791423
3440.85760044 483.070327489 1.90264919247
3444.27634223 483.687621729 1.89986763648
3447.60598652 484.39400625 1.89715205473
3450.83490079 485.200979557 1.89463508423
3453.97471756 486.096197568 1.89258595798
3457.05214165 487.049746433 1.89139836772
3460.09181543 488.025809723 1.89145012673
3463.10288918 488.985531702 1.89289374073
3466.0748434 489.880279517 1.89555706247
3468.98265721 490.650100385 1.89905407347
3471.80061469 491.240844905 1.90299540722
3474.51898874 491.632221914 1.90712133948
3477.15192927 491.850989901 1.91130704472
3479.73221696 491.956502604 1.91550783173
3482.30413633 492.016600548 1.91971158373
3484.92845835 492.099797252 1.92391578798
3487.69549118 492.284794995 1.92811999222
3490.72149489 492.662703601 1.93232419648
3494.10927055 493.311677217 1.93652840048
3497.89258005 494.25720675 1.94073260472
3502.01402552 495.456028862 1.94493680898
3506.3579385 496.820332189 1.94914101322
3510.80247342 498.255307509 1.95334521748
3515.24312418 499.674093073 1.95754942148
3519.58332265 500.988476671 1.96175362573
3523.72651024 502.104859683 1.96595782998
3527.59644723 502.947827519 1.97016203423
3531.17228121 503.496924437 1.97436623847
3534.50001283 503.799348991 1.97857044273
3537.66492609 503.945140782 1.98277464673
3540.75112171 504.033363778 1.98697885097
3543.82143458 504.162893152 1.99118305523
3546.9213829 504.444387627 1.99538725947
3550.08752812 504.998999862 1.99959146373
3553.34529804 505.921780912 2.00379498122
3556.70004501 507.233110209 2.00799278598
3560.13458634 508.865780131 2.01215979573
3563.61746585 510.700994119 2.01619595572
3567.11216035 512.614294546 2.01979326723
3570.57699865 514.489865747 2.02222755072
3573.95970912 516.20813677 2.02222445423
3577.20136636 517.6460242 2.01818073147
3580.25718025 518.712486363 2.00883923597
3583.12064753 519.393735352 1.99400757673
3585.82875005 519.7612302 1.97468344323
3588.44517256 519.93269594 1.95246040248
3591.04331479 520.025783074 1.92876435922
3593.7079269 520.142886109 1.90447981798
3596.54537145 520.38150911 1.88001067723
3599.67298563 520.835766049 1.85549613373
3603.17572307 521.57101103 1.83097284498
3607.06005431 522.592619272 1.80644832047
3611.24867432 523.843614926 1.78192379598
3615.61897103 525.235715259 1.75739927148
3620.0421907 526.683293864 1.73287474697
3624.38839262 528.113614017 1.70835022248
3628.5123416 529.459241077 1.68382569797
3632.26459939 530.657218116 1.65930117322
3635.54389796 531.666188543 1.63477664882
3638.35035828 532.485910414 1.6102521243
3640.7858606 533.156515901 1.58572759978
3643.00211574 533.736416747 1.56120307525
3645.15103075 534.279703935 1.53667855073
3647.3773752 534.829456404 1.5121540262
3649.83427779 535.422550704 1.48762950168
3652.67237764 536.091215405 1.46310497715
3655.98750907 536.855042278 1.43858045263
3659.77072101 537.711639065 1.4140559281
3663.91225976 538.635595728 1.38953140357
3668.25200946 539.581689131 1.36500687905
3672.61800619 540.477225103 1.3404819409
3676.8188821 541.20005317 1.31595410968
3680.62516597 541.569061558 1.2914113036
3683.80333664 541.386429284 1.26680783558
3686.21084675 540.5290222 1.24201183937
3687.87465742 539.020391189 1.21673650808
3688.97339369 537.015058794 1.19052371875
3689.74014097 534.710107006 1.16286857785
3690.37647182 532.262187898 1.133465028
3691.03283443 529.760322494 1.10238932183
3691.82961587 527.242372177 1.07005035005
3692.86469882 524.720636322 1.03695684273
3694.19069797 522.198171673 1.00350685607
3695.79280849 519.675442424 0.969923653425
3697.59998873 517.151787602 0.936301092275
3699.52207122 514.624419077 0.9026693458
3701.47804564 512.08540196 0.869035908075
3703.39799073 509.517795756 0.83540227445
3705.21420127 506.895229472 0.801768640825
3706.86612246 504.18980352 0.768135007175
3708.32210083 501.386246706 0.73450137355
3709.59541861 498.49115161 0.700867739925
3710.73475659 495.528076914 0.667234106275
3711.7965939 492.522302205 0.63360047265
3712.82302686 489.486519732 0.599966839025
3713.83667458 486.414394687 0.566333205375
3714.84667051 483.283457453 0.53269957175
3715.85584139 480.067264297 0.499065938125
3716.86495891 476.75211357 0.465432304475
3717.87468244 473.346869141 0.43179867085
3718.88756748 469.878726202 0.3981650372
3719.91300948 466.382230456 0.364531403575
3720.97733923 462.895318571 0.33089776995
3722.13560144 459.465292694 0.2972641363
3723.47090119 456.151701932 0.263630502675
3725.06668227 453.011416992 0.22999686905
3726.9616682 450.070822893 0.19636548605
3729.12435107 447.310804425 0.1627510297
3731.46941078 444.683521384 0.129225780225
3733.89086621 442.153332112 0.096069837075
3736.26705692 439.743309799 0.064116641475
3738.4270272 437.574901052 0.035249530025
3740.12250723 435.877752251 0.01262977945
3741.06959223 434.930419824 0.0
