173.86082518 1471.31134805
175.755193129 1469.79602194
179.147488207 1467.08332064
183.474179538 1463.62770574
188.253626236 1459.82715387
193.183524174 1455.95717453
198.099422262 1452.21636792
202.902656473 1448.77996877
207.529128371 1445.78982062
211.956476208 1443.29841886
216.210866621 1441.24150105
220.350411836 1439.48123574
224.438806668 1437.88326013
228.533958949 1436.36643876
232.694188152 1434.90726978
236.982322042 1433.51837614
241.451035289 1432.22098059
246.117505279 1431.02231985
250.95324952 1429.90643986
255.901140463 1428.8384167
260.902538688 1427.76838039
265.910845918 1426.62213879
270.88830217 1425.28609521
275.80074793 1423.61609183
280.622264889 1421.48954849
285.34599883 1418.87243746
289.988303085 1415.84055141
294.581832866 1412.5318031
299.16792241 1409.07305974
303.799552479 1405.53701038
308.549798502 1401.94161595
313.50603981 1398.27262004
318.738669152 1394.51050959
324.263043808 1390.65080859
330.030046308 1386.70915006
335.95585039 1382.70996198
341.963339143 1378.66813245
348.003802684 1374.57446352
354.054699403 1370.39171132
360.10818045 1366.066183
366.162133225 1361.55446308
372.215931069 1356.85023469
378.268519069 1351.99003661
384.316039428 1347.03562471
390.346832566 1342.05456891
396.33405617 1337.11819822
402.231621798 1332.309831
407.983305301 1327.71869234
413.547265161 1323.40886575
418.92034294 1319.38557277
424.140941813 1315.59233626
429.26931743 1311.94297423
434.366721271 1308.35811108
439.491061167 1304.7791351
444.70309993 1301.16232124
450.063521895 1297.47278214
455.613090736 1293.68892119
461.351927424 1289.81025451
467.239880496 1285.85592986
473.218538208 1281.85174423
479.233809579 1277.81473537
485.242615668 1273.7441994
491.208079927 1269.62201221
497.097973785 1265.42224747
502.892596956 1261.12685289
508.593682338 1256.73802346
514.223421281 1252.27864491
519.814814736 1247.78416261
525.405092623 1243.29889935
531.038741619 1238.88287455
536.771672079 1234.61703887
542.661782071 1230.58727494
548.744555468 1226.84656293
555.013048732 1223.38443796
561.421733793 1220.13260069
567.909068943 1216.99873855
574.415268706 1213.89317333
580.88242525 1210.72904328
587.24830976 1207.41300518
593.453523958 1203.85596161
599.464424245 1200.00744718
605.290969822 1195.88240068
610.97956816 1191.55043332
616.586613394 1187.09613631
622.15553255 1182.58465018
627.710352472 1178.05201519
633.261048657 1173.51319461
638.81079152 1168.97294404
644.36027355 1164.43254818
649.909155746 1159.89289744
655.455068834 1155.35720552
660.989132886 1150.83731231
666.48628017 1146.36664145
671.8935776 1142.01577041
677.129916137 1137.89284455
682.111724503 1134.10929225
686.796599118 1130.72155758
691.209352883 1127.69603023
695.423926619 1124.93158141
699.515771043 1122.31821472
703.519703778 1119.78317585
707.412497193 1117.30239029
711.123483315 1114.88697692
714.572942899 1112.55978425
717.722915205 1110.33272562
720.604346889 1108.19600218
723.298947135 1106.12565509
725.898296949 1104.10327079
728.479944588 1102.13672568
731.111699704 1100.27327423
733.861470469 1098.59429293
736.788014912 1097.18202357
739.915783999 1096.07161472
743.22173606 1095.22707224
746.652473466 1094.56293808
750.158711488 1093.9866617
753.722149567 1093.42128318
757.363826704 1092.79977375
761.133784678 1092.05557331
765.083508356 1091.13274162
769.233063136 1090.01067032
773.557317343 1088.71633841
778.004366327 1087.31034112
782.531243816 1085.8646647
787.133070407 1084.45842835
791.853440657 1083.19071715
796.770937102 1082.180923
801.960318632 1081.53271568
807.446307773 1081.28023194
813.185176962 1081.36712176
819.087701474 1081.68195677
825.054505359 1082.11659159
830.987417313 1082.60044876
836.777176966 1083.10010465
842.301946136 1083.60371935
847.461878198 1084.10809846
852.229141328 1084.61250631
856.663059138 1085.1164375
860.868889157 1085.61830682
864.932164358 1086.11312652
868.872593032 1086.58888318
872.635060689 1087.02386329
876.117931578 1087.38986978
879.231420469 1087.66369892
881.956576732 1087.8403711
884.362555535 1087.93670812
886.575181651 1087.98240913
888.740547782 1088.00858853
891.025338752 1088.04420023
893.638640981 1088.11913698
896.816156165 1088.26416963
900.737276247 1088.50205497
905.429600954 1088.8362152
910.753063472 1089.24866274
916.483787133 1089.7094841
922.421449668 1090.1878092
928.441789001 1090.65468414
934.488062332 1091.07997184
940.540714161 1091.43311579
946.594594595 1091.69253462
952.648648649 1091.85640716
958.702702703 1091.94337119
964.756756757 1091.9814538
970.810810811 1091.99502991
976.864864865 1091.99892842
982.918918919 1091.99982115
988.972972973 1091.99998071
995.026930571 1092.00001929
1001.08018686 1092.00017885
1007.12977723 1092.00107158
1013.16433874 1092.00497009
1019.15051223 1092.0185462
1025.01415324 1092.05662881
1030.63338714 1092.14359284
1035.8680785 1092.30746538
1040.62501673 1092.56707953
1044.91317575 1092.92180098
1048.83981871 1093.355842
1052.55528373 1093.860646
1056.20316331 1094.46991156
1059.91269427 1095.29447961
1063.81318671 1096.52884263
1068.02622344 1098.39494837
1072.62431841 1101.03244472
1077.59431038 1104.4140611
1082.84727027 1108.36247477
1088.26796352 1112.64983287
1093.75936078 1117.0895906
1099.25435627 1121.56377301
1104.70560928 1126.00340432
1110.0781495 1130.36648602
1115.35372764 1134.63303345
1120.53644379 1138.80694732
1125.64648404 1142.90911085
1130.70089292 1146.95935672
1135.68964439 1150.95559378
1140.55698989 1154.85901395
1145.20243321 1158.59549202
1149.51596119 1162.08291443
1153.4370234 1165.27594404
1156.99289041 1168.19492971
1160.28178753 1170.91294569
1163.41963299 1173.51471067
1166.49897534 1176.06336912
1169.58269716 1178.59284971
1172.71610171 1181.11685262
1175.93269953 1183.63961794
1179.24807452 1186.16225621
1182.654748 1188.68549326
1186.13064299 1191.2118918
1189.66000472 1193.75084732
1193.25755809 1196.32869059
1196.98609036 1199.0004663
1200.9522626 1201.84927957
1205.2660917 1204.95857416
1209.97904475 1208.36730992
1215.04996412 1212.0454524
1220.36961942 1215.91489816
1225.81480141 1219.89728088
1231.27904645 1223.95184411
1236.66559095 1228.08698657
1241.87443502 1232.34826833
1246.81797401 1236.78801491
1251.45960544 1241.42898614
1255.83367693 1246.24644919
1260.01921646 1251.18057395
1264.08642644 1256.15972755
1268.05285588 1261.10619854
1271.86722885 1265.9227212
1275.4261581 1270.48938996
1278.62583396 1274.69788674
1281.42660599 1278.50740695
1283.88215998 1281.97031551
1286.11120341 1285.20035385
1288.24941731 1288.31662017
1290.43382874 1291.41371877
1292.82184224 1294.56752298
1295.59567747 1297.84712421
1298.91167889 1301.30696349
1302.82116064 1304.96523379
1307.2392902 1308.79690366
1311.99751165 1312.75897914
1316.92904019 1316.83848812
1321.91670008 1321.10192785
1326.88930772 1325.72201994
1331.80086368 1330.94700052
1336.62218772 1336.99435528
1341.34514841 1343.9236411
1345.98286612 1351.59294402
1350.55531442 1359.73214522
1355.06392553 1368.04405281
1359.46557287 1376.23204127
1363.65962373 1383.96413442
1367.50788093 1390.87687429
1370.89504704 1396.6849992
1373.7962012 1401.32657646
1376.29459799 1404.99926472
1378.53521902 1408.04364018
1380.66281876 1410.7843968
1382.79673223 1413.45452597
1385.04166539 1416.21133074
1387.49516335 1419.17067023
1390.22691457 1422.40713816
1393.2476695 1425.9327819
1396.50449617 1429.69631217
1399.91151196 1433.617633
1403.38776621 1437.63328313
1406.8732395 1441.7235066
1410.32360905 1445.91311329
1413.70342947 1450.25099404
1416.98988256 1454.7771098
1420.18121361 1459.4945536
1423.29764331 1464.36648346
1426.37350098 1469.33894597
1429.45191398 1474.36944208
1432.59008626 1479.44243902
1435.8658184 1484.56830272
1439.3655917 1489.77055756
1443.14935619 1495.06785486
1447.2169909 1500.46019461
1451.5079336 1505.92892551
1455.93343037 1511.45052316
1460.40900883 1517.01462165
1464.86263612 1522.63675373
1469.22680996 1528.35941847
1473.43917393 1534.23656926
1477.46084789 1540.30483107
1481.2952758 1546.55979213
1484.98621353 1552.95505413
1488.59721853 1559.41728186
1492.1956578 1565.85073692
1495.85497193 1572.11984769
1499.66194134 1578.0376726
1503.70437758 1583.40446177
1508.03572801 1588.09651743
1512.64548411 1592.13686296
1517.46466646 1595.67792278
1522.39834622 1598.90893003
1527.34933131 1601.96399517
1532.21452334 1604.88342934
1536.87487346 1607.62797702
1541.21334217 1610.12611131
1545.16318883 1612.33182455
1548.74503481 1614.26124556
1552.05468862 1615.98559686
1555.21609102 1617.5950459
1558.34783564 1619.17060301
1561.56573814 1620.78218945
1564.99523348 1622.49751044
1568.75426085 1624.37712078
1572.90523213 1626.452645
1577.42076984 1628.71063631
1582.20030833 1631.10161771
1587.11904945 1633.5661501
1592.0593769 1636.05378125
1596.90547503 1638.52424768
1601.53093154 1640.94137961
1605.81866461 1643.27449321
1609.7108435 1645.50883898
1613.24063718 1647.65290592
1616.5082985 1649.73302053
1619.62069203 1651.78059667
1622.64179516 1653.82479408
1625.57733415 1655.89456669
1628.38848845 1658.0217619
1631.02459493 1660.23543581
1633.46080992 1662.5489756
1635.71725438 1664.9530466
1637.845418 1667.42461191
1639.89534257 1669.94856164
1641.88806707 1672.54197015
1643.80529097 1675.271144
1645.59772951 1678.24582673
1647.21197544 1681.57603465
1648.62480844 1685.308786
1649.85973067 1689.39649883
1650.9712215 1693.72701265
1652.01229034 1698.18313456
1653.01113957 1702.67875436
1653.96644764 1707.15736278
1654.85649733 1711.5774206
1655.65644643 1715.90870351
1656.35647642 1720.14033023
1656.9693309 1724.28512985
1657.52158294 1728.37091695
1658.03678855 1732.42539324
1658.52269025 1736.46690694
1658.96768219 1740.50423498
1659.34661412 1744.54050919
1659.63485357 1748.57660551
1659.82426249 1752.61296528
1659.92965309 1756.65097517
1659.98170917 1760.69628863
1660.01660055 1764.76717257
1660.07459068 1768.9088652
1660.20613181 1773.20555918
1660.47066302 1777.77021275
1660.9177192 1782.70022609
1661.56121131 1788.02247311
1662.37185275 1793.67520548
1663.29859996 1799.54365444
1664.30367419 1805.51236051
1665.38923472 1811.48953487
1666.60455231 1817.40001094
1668.02864191 1823.17624206
1669.72969631 1828.76877899
1671.72287658 1834.16660649
1673.96030707 1839.40105972
1676.36343267 1844.5227517
1678.87136278 1849.56686738
1681.47353939 1854.52772817
1684.21455749 1859.35322519
1687.17103194 1863.96412731
1690.40709475 1868.29556454
1693.93235418 1872.33748837
1697.69368536 1876.14152567
1701.60520565 1879.78777241
1705.58596441 1883.33968984
1709.5759422 1886.81703394
1713.53081626 1890.19499482
1717.41514118 1893.42468163
1721.20604813 1896.46606592
1724.9014522 1899.31561437
1728.51994777 1902.00800055
1732.08956191 1904.5887749
1735.63466955 1907.07543322
1739.17009959 1909.42700818
1742.70252386 1911.53829556
1746.23421494 1913.27349266
1749.76578506 1914.53483108
1753.29747614 1915.32279472
1756.82990041 1915.73760081
1760.36533045 1915.92414241
1763.91043809 1916.01431106
1767.48005223 1916.10838967
1771.0985478 1916.28638214
1774.79395187 1916.61484636
1778.58503244 1917.13376841
1782.47075959 1917.84005631
1786.43341437 1918.69063171
1790.45710688 1919.62438159
1794.55425715 1920.58103181
1798.78910784 1921.50267452
1803.28103056 1922.32756959
1808.16801933 1922.99589006
1813.53711257 1923.47161252
1819.3708899 1923.76129581
1825.55686961 1923.90906442
1831.94642998 1923.97122748
1838.40513509 1923.99254275
1844.82068859 1923.99844478
1851.08892973 1923.99975112
1857.11724699 1923.99997589
1862.8543736 1923.99997347
1868.31553287 1923.99976675
1873.57254799 1923.99863445
1878.71837457 1923.99378845
1883.84195781 1923.97729385
1889.03015946 1923.93221017
1894.37705574 1923.83216641
1899.97110105 1923.64926298
1905.8592779 1923.36828656
1912.02204067 1922.99615889
1918.38874223 1922.55803102
1924.88354384 1922.0851025
1931.46836873 1921.6067774
1938.16222134 1921.15200962
1945.03251052 1920.75240225
1952.15856747 1920.43722574
1959.58143443 1920.22089075
1967.27416885 1920.09484182
1975.15349112 1920.03274524
1983.10950051 1920.00318712
1991.01083314 1919.97700772
1998.67888612 1919.92525313
2005.87960873 1919.81607594
2012.38675964 1919.62042004
2018.09579576 1919.32493203
2023.08782266 1918.93913295
2027.57678788 1918.48695752
2031.79259156 1917.9868193
2035.90217124 1917.43084189
2040.00379358 1916.77177081
2044.15562314 1915.92822959
2048.39398214 1914.81796437
2052.73245919 1913.40560328
2057.15887498 1911.72595447
2061.64226768 1909.85912764
2066.14309618 1907.87904989
2070.61260293 1905.81317205
2074.98243761 1903.62993562
2079.16432289 1901.25427794
2083.07746187 1898.6089934
2086.69126098 1895.66423395
2090.04457874 1892.45899316
2093.22085896 1889.07671482
2096.30320674 1885.60050404
2099.34666676 1882.08540549
2102.37756981 1878.55774999
2105.40531136 1875.02693298
2108.43241073 1871.4954955
2111.45919496 1867.96396396
2114.4847416 1864.43243243
2117.50481056 1860.9009009
2120.50570166 1857.36936937
2123.45348623 1853.83783784
2126.2850198 1850.30630631
2128.91558368 1846.77477477
2131.27212291 1843.24321431
2133.33444337 1839.7113928
2135.14866148 1836.17814132
2136.80006123 1832.63870423
2138.37274333 1829.07811829
2139.92954269 1825.46034323
2141.51597749 1821.72023852
2143.1686092 1817.77321294
2144.91288972 1813.54957091
2146.75434794 1809.03375574
2148.6766821 1804.27314956
2150.65195013 1799.34455042
2152.65444638 1794.30344015
2154.66793423 1789.14765948
2156.6848998 1783.81023456
2158.70272682 1778.18639594
2160.72067732 1772.18999278
2162.73831102 1765.80843491
2164.75412996 1759.11433275
2166.76234743 1752.22926912
2168.74547407 1745.28255411
2170.66324642 1738.40342453
2172.4465318 1731.7354729
2174.01099399 1725.42903733
2175.29392135 1719.59133032
2176.29090645 1714.2309956
2177.06118034 1709.25319625
2177.70142874 1704.51149464
2178.32228129 1699.86526368
2179.05297482 1695.19798384
2180.05578227 1690.40516725
2181.50593888 1685.39124223
2183.52387973 1680.09380989
2186.10912094 1674.51202345
2189.13877859 1668.70399629
2192.42852706 1662.74939197
2195.78940609 1656.70599554
2199.03286329 1650.58652431
2201.95076931 1644.36098083
2204.3343301 1637.97961319
2206.04980688 1631.40679383
2207.10915547 1624.64662715
2207.66270051 1617.74297029
2207.92189312 1610.7593807
2208.09059997 1603.76322537
2208.3559657 1596.8279449
2208.90904054 1590.04031972
2209.93123428 1583.48816137
2211.53101193 1577.22496542
2213.68822508 1571.24050894
2216.2677365 1565.46720158
2219.09015365 1559.81534709
2221.99114782 1554.20278112
2224.82946878 1548.55887854
2227.46984137 1542.81600177
2229.78995491 1536.91299547
2231.72180043 1530.81585517
2233.28604186 1524.53491282
2234.57994224 1518.11879995
2235.73301863 1511.63227508
2236.87973442 1505.14256991
2238.16978626 1498.72453277
2239.78135111 1492.46725213
2241.88816733 1486.45759718
2244.58307343 1480.74221866
2247.82484846 1475.30182272
2251.46262466 1470.06734499
2255.3092048 1464.96886666
2259.18816445 1459.98502279
2262.92578011 1455.17010655
2266.33243335 1450.64559947
2269.23250142 1446.54654693
2271.53939497 1442.94232294
2273.30374484 1439.78979396
2274.68016531 1436.95808053
2275.84461241 1434.29324505
2276.9369368 1431.65826579
2278.05746909 1428.92672139
2279.28648691 1425.9670765
2280.68706855 1422.66186517
2282.28683655 1418.95789219
2284.06566643 1414.89598183
2285.96942325 1410.58533554
2287.93815424 1406.14916255
2289.92322654 1401.69392653
2291.88578441 1397.31639103
2293.79001143 1393.11655598
2295.60599375 1389.18201152
2297.32138728 1385.5490922
2298.94769053 1382.18202719
2300.5116011 1378.99537051
2302.03776137 1375.89657161
2303.53532161 1372.80867057
2304.99376232 1369.66463862
2306.38806262 1366.39791565
2307.69248247 1362.95252768
2308.89701696 1359.3074774
2310.01437594 1355.4877277
2311.07113249 1351.54518322
2312.0908426 1347.52281024
2313.08124881 1343.42548815
2314.03074526 1339.20962241
2314.91418169 1334.79663047
2315.70690394 1330.11173174
2316.40057457 1325.1300043
2317.00898928 1319.89415923
2317.5585918 1314.48918116
2318.07185175 1309.00074585
2318.55510394 1303.49309595
2318.99565611 1298.01234734
2319.36822869 1292.59561953
2319.64926298 1287.26965594
2319.83216641 1282.04170746
2319.93221017 1276.89661866
2319.97729385 1271.80648993
2319.99378845 1266.74495029
2319.99863445 1261.69505925
2319.99976675 1256.6488819
2319.99997347 1251.60363013
2320.00002411 1246.55859473
2320.00024888 1241.51388683
2320.00155522 1236.4708013
2320.00745725 1231.43460931
2320.02877252 1226.42153715
2320.09093558 1221.46973671
2320.23870419 1216.64634457
2320.52838748 1212.03582446
2321.00413888 1207.70439205
2321.67271555 1203.66208391
2322.49907668 1199.85584753
2323.42725309 1196.19980025
2324.40716422 1192.61299144
2325.40774455 1189.03540166
2326.41480838 1185.42270815
2327.42346683 1181.73946551
2328.43249995 1177.96282177
2329.44208428 1174.0908021
2330.45434481 1170.14254298
2331.47768454 1166.14817223
2332.53710669 1162.13831559
2333.68911136 1158.14192698
2335.02853686 1154.1893878
2336.6676615 1150.31104023
2338.68569881 1146.52723715
2341.08276976 1142.83785761
2343.78027303 1139.22193648
2346.6682029 1135.64685901
2349.6583929 1132.07557197
2352.70917182 1128.46429255
2355.81991136 1124.75802007
2359.0102356 1120.89859963
2362.29657053 1116.84814846
2365.67639095 1112.6098032
2369.1267605 1108.22477849
2372.61223379 1103.74685406
2376.08848804 1099.2150255
2379.49550383 1094.64060235
2382.7523305 1090.01020392
2385.77308543 1085.29970342
2388.50476431 1080.49258713
2390.95768926 1075.59257473
2393.19946508 1070.62246644
2395.31978804 1065.6130331
2397.40082249 1060.59416745
2399.51319354 1055.59482341
2401.72453877 1050.64611539
2404.09601353 1045.77774253
2406.66170188 1041.00657967
2409.41173288 1036.32795457
2412.29971112 1031.72015423
2415.26924246 1027.16055785
2418.27689988 1022.6433217
2421.29865654 1018.19031333
2424.32453693 1013.849287
2427.35137064 1009.67445666
2430.37852306 1005.69583037
2433.40666234 1001.89932272
2436.43975014 998.233825761
2439.49258633 994.63398043
2442.60695047 991.032622681
2445.87106436 987.354200319
2449.42010974 983.508470849
2453.39337207 979.409036269
2457.86127321 975.012972075
2462.78105447 970.345835635
2468.02270512 965.485788333
2473.43541938 960.523939992
2478.89095244 955.538992892
2484.28123118 950.59946055
2489.50242194 945.773183491
2494.46487337 941.119515455
2499.12825309 936.66528245
2503.52269049 932.390566072
2507.72806052 928.243012567
2511.82933686 924.16927649
2515.88567186 920.139120887
2519.92677098 916.15179422
2523.96380828 912.228214165
2527.99999277 908.39402313
2532.03603604 904.660750388
2536.07207207 901.017430383
2540.10810811 897.440564871
2544.14414414 893.916685548
2548.18018018 890.466347594
2552.21621622 887.159222863
2556.25225225 884.105305914
2560.28830758 881.410202081
2564.32460445 879.11393455
2568.36229492 877.162885064
2572.40634505 875.438346144
2576.47333768 873.804636742
2580.60569556 872.124729819
2584.88494989 870.24122082
2589.42422894 867.971890096
2594.325494 865.160393178
2599.62239795 861.755415937
2605.25785039 857.841790884
2611.11759624 853.588073939
2617.08435666 849.161049905
2623.06493508 844.67789451
2628.98381155 840.209791378
2634.77266703 835.802739926
2640.37956846 831.485872156
2645.79003374 827.26693269
2651.03287303 823.130852893
2656.1575447 819.049733175
2661.19683972 814.997202544
2666.1365854 810.956320507
2670.90579746 806.919152171
2675.39726391 802.882909408
2679.51964847 798.846822733
2683.25325184 794.810561935
2686.66497379 790.773219554
2689.87185383 786.731281484
2692.99294082 782.673930187
2696.13133313 778.575731084
2699.38422285 774.39192644
2702.84653882 770.066207115
2706.5872894 765.554434145
2710.61718144 760.849949542
2714.88375015 755.988285408
2719.3030418 751.027339809
2723.79993552 746.023023102
2728.32783304 741.019821962
2732.86545581 736.054966311
2737.40547051 731.161457098
2741.94592907 726.361519434
2746.48632578 721.657106357
2751.02605344 717.029601783
2755.5630113 712.450978635
2760.09094855 707.896861982
2764.59574018 703.352422932
2769.0536766 698.810989656
2773.43668823 694.270289561
2777.72493794 689.729768312
2781.91818377 685.189546879
2786.03503846 680.65079181
2790.09902639 676.118048289
2794.12051349 671.604659973
2798.08396699 667.140284648
2801.94688784 662.773672173
2805.65532263 658.560876707
2809.1725596 654.539238924
2812.50248301 650.70551212
2815.68891624 647.018464752
2818.79541673 643.424317111
2821.88935149 639.884073603
2825.04416111 636.386424676
2828.34662602 632.944751032
2831.88455776 629.583179459
2835.7114278 626.318247794
2839.8168704 623.146379122
2844.13260069 620.045467791
2848.56630612 616.987359231
2853.02830846 613.949674573
2857.43174598 610.919696529
2861.68327545 607.89201633
2865.69379945 604.864876922
2869.41279953 601.837943939
2872.85490715 598.811743819
2876.08824276 595.78924599
2879.19182131 592.78160297
2882.21491356 589.820554321
2885.15967878 586.973862021
2887.98833824 584.347010039
2890.64984837 582.051596733
2893.11503831 580.148533251
2895.39847735 578.610461809
2897.55288511 577.338370553
2899.64954059 576.213381277
2901.77231967 575.13458952
2904.03206326 574.021468343
2906.57308656 572.80167814
2909.53750175 571.413851278
2912.99653374 569.828551465
2916.90825869 568.063107651
2921.14606837 566.171866818
2925.57168427 564.223920371
2930.09196932 562.295141647
2934.6722433 560.480134938
2939.31947938 558.897998458
2944.05528457 557.662473624
2948.8911829 556.825891597
2953.81676083 556.347261415
2958.80536121 556.117367163
2963.82865948 556.01299961
2968.86693821 555.927695095
2973.91029556 555.764690051
2978.95500685 555.423984565
2984.00000723 554.817986072
2989.04514884 553.910315366
2994.09086139 552.736506076
2999.13928182 551.380934525
3004.19785951 549.932426562
3009.28639809 548.458040298
3014.44433247 547.00508704
3019.72831175 545.611802346
3025.19159235 544.307507887
3030.8543346 543.102842977
3036.69003428 541.984656779
3042.64057915 540.923893181
3048.64227441 539.888704774
3054.63721222 538.850137643
3060.56707311 537.77903205
3066.36902931 536.643974114
3071.99039168 535.418630117
3077.41384992 534.094444597
3082.66720884 532.685828217
3087.80476928 531.222051432
3092.87603719 529.734717317
3097.90499175 528.252779786
3102.88729662 526.805642912
3107.80063218 525.424506232
3112.62221666 524.13453045
3117.34546732 522.942714668
3121.98490498 521.834235216
3126.56525883 520.782777711
3131.10292436 519.766958911
3135.59081522 518.781851742
3139.99343927 517.841234828
3144.25719051 516.970517106
3148.33639478 516.19215694
3152.2211583 515.510980255
3155.9447107 514.910138727
3159.56469323 514.359933215
3163.13792593 513.829249312
3166.70959934 513.289133103
3170.31712006 512.70969185
3173.99387524 512.060154699
3177.76334517 511.317764847
3181.62929314 510.479100112
3185.57473826 509.562148072
3189.57362485 508.59682221
3193.6067424 507.613992599
3197.67197932 506.642613155
3201.78528698 505.712820949
3205.97233302 504.855172494
3210.25334381 504.091266044
3214.62943649 503.423032832
3219.07976147 502.832377176
3223.56788869 502.293372742
3228.04443998 501.78789541
3232.43808635 501.315241313
3236.64731766 500.892448196
3240.55758302 500.545313044
3244.0892303 500.293002918
3247.24298532 500.135154904
3250.10217349 500.050765309
3252.79498124 500.007219374
3255.46294969 499.967463864
3258.26638118 499.88771597
3261.40090346 499.712975023
3265.07110906 499.385086119
3269.40965258 498.866188184
3274.40435804 498.159549725
3279.90486706 497.307029143
3285.6997285 496.364850584
3291.58507571 495.379102491
3297.37376403 494.376627177
3302.87474325 493.369084222
3307.90660355 492.360331424
3312.36078351 491.351375465
3316.2568604 490.342557459
3319.72719325 489.334600895
3322.94070948 488.330122057
3326.03168229 487.336634815
3329.07641542 486.370375796
3332.10736148 485.457050639
3335.13506279 484.624601429
3338.16218869 483.889436025
3341.18942244 483.246640233
3344.21758177 482.673743634
3347.2494548 482.145337289
3350.29297642 481.647642576
3353.36508713 481.185586567
3356.49215792 480.780552506
3359.70208837 480.458854775
3363.01014969 480.235345979
3366.40974929 480.103191597
3369.87732849 480.038027112
3373.3876077 480.011612961
3376.92789468 480.002900985
3380.50452423 480.00058163
3384.13996597 480.000088167
3387.86066363 480.000007234
3391.68035021 480.000031348
3395.59033732 480.000269523
3399.56427677 480.001561532
3403.57075469 480.007039195
3407.58061132 480.025479444
3411.56489277 480.075230509
3415.49175162 480.183994089
3419.33213175 480.379584781
3423.0727473 480.675000447
3426.72349205 481.06029173
3430.31009639 481.509723432
3433.85758119 481.998274663
3437.37646597 482.515425922
3440.85760044 483.070327489
3444.27634223 483.687621729
3447.60598652 484.39400625
3450.83490079 485.200979557
3453.97471756 486.096197568
3457.05214165 487.049746433
3460.09181543 488.025809723
3463.10288918 488.985531702
3466.0748434 489.880279517
3468.98265721 490.650100385
3471.80061469 491.240844905
3474.51898874 491.632221914
3477.15192927 491.850989901
3479.73221696 491.956502604
3482.30413633 492.016600548
3484.92845835 492.099797252
3487.69549118 492.284794995
3490.72149489 492.662703601
3494.10927055 493.311677217
3497.89258005 494.25720675
3502.01402552 495.456028862
3506.3579385 496.820332189
3510.80247342 498.255307509
3515.24312418 499.674093073
3519.58332265 500.988476671
3523.72651024 502.104859683
3527.59644723 502.947827519
3531.17228121 503.496924437
3534.50001283 503.799348991
3537.66492609 503.945140782
3540.75112171 504.033363778
3543.82143458 504.162893152
3546.9213829 504.444387627
3550.08752812 504.998999862
3553.34529804 505.921780912
3556.70004501 507.233110209
3560.13458634 508.865780131
3563.61746585 510.700994119
3567.11216035 512.614294546
3570.57699865 514.489865747
3573.95970912 516.20813677
3577.20136636 517.6460242
3580.25718025 518.712486363
3583.12064753 519.393735352
3585.82875005 519.7612302
3588.44517256 519.93269594
3591.04331479 520.025783074
3593.7079269 520.142886109
3596.54537145 520.38150911
3599.67298563 520.835766049
3603.17572307 521.57101103
3607.06005431 522.592619272
3611.24867432 523.843614926
3615.61897103 525.235715259
3620.0421907 526.683293864
3624.38839262 528.113614017
3628.5123416 529.459241077
3632.26459939 530.657218116
3635.54389796 531.666188543
3638.35035828 532.485910414
3640.7858606 533.156515901
3643.00211574 533.736416747
3645.15103075 534.279703935
3647.3773752 534.829456404
3649.83427779 535.422550704
3652.67237764 536.091215405
3655.98750907 536.855042278
3659.77072101 537.711639065
3663.91225976 538.635595728
3668.25200946 539.581689131
3672.61800619 540.477225103
3676.8188821 541.20005317
3680.62516597 541.569061558
3683.80333664 541.386429284
3686.21084675 540.5290222
3687.87465742 539.020391189
3688.97339369 537.015058794
3689.74014097 534.710107006
3690.37647182 532.262187898
3691.03283443 529.760322494
3691.82961587 527.242372177
3692.86469882 524.720636322
3694.19069797 522.198171673
3695.79280849 519.675442424
3697.59998873 517.151787602
3699.52207122 514.624419077
3701.47804564 512.08540196
3703.39799073 509.517795756
3705.21420127 506.895229472
3706.86612246 504.18980352
3708.32210083 501.386246706
3709.59541861 498.49115161
3710.73475659 495.528076914
3711.7965939 492.522302205
3712.82302686 489.486519732
3713.83667458 486.414394687
3714.84667051 483.283457453
3715.85584139 480.067264297
3716.86495891 476.75211357
3717.87468244 473.346869141
3718.88756748 469.878726202
3719.91300948 466.382230456
3720.97733923 462.895318571
3722.13560144 459.465292694
3723.47090119 456.151701932
3725.06668227 453.011416992
3726.9616682 450.070822893
3729.12435107 447.310804425
3731.46941078 444.683521384
3733.89086621 442.153332112
3736.26705692 439.743309799
3738.4270272 437.574901052
3740.12250723 435.877752251
3741.06959223 434.930419824
