<<<<<<< HEAD
391 97 33.3766385366 9.26769832809
391 97 0.0 6.73917187192
391 97 0.0 7.06155990296
391 97 0.0 7.06718663557
391 97 0.0 7.31163093586
391 97 0.0 7.43807034138
391 97 0.0 7.38791724775
391 97 0.0 7.47430837373
391 97 0.0 7.54562935341
407 100 35.8468966579 9.012950711
407 100 0.0 6.73472568724
407 100 0.0 7.20110864256
407 100 0.0 7.43614136346
407 100 0.0 7.40533687325
407 100 0.0 7.52697228111
407 100 0.0 7.52909521947
424 110 45.3541618818 6.06305570005
435 100 29.8328677804 8.49838272879
447 102 49.3355855342 8.13946147584
431 121 43.5660418216 6.14352177095
435 100 0.0 6.52756507191
432 116 41.0365690574 5.48707034078
437 122 45.1884941108 5.87033600983
443 131 59.5399025864 6.15627793799
447 102 0.0 6.52778770902
447 102 0.0 6.79607116553
447 102 0.0 7.01019310541
447 102 0.0 7.11864999339
447 102 0.0 7.2252626783
458 136 85.4400374532 6.00539294428
459 212 236.027540766 6.19354171121
470 112 42.9418211072 3.61373823373
470 112 0.0 7.39098323086
470 112 0.0 7.43945530019
470 112 0.0 7.54502105252
470 112 0.0 7.54686352247
487 114 34.1320963318 9.30967822415
487 114 0.0 7.07151711721
487 114 0.0 7.36406639458
487 114 0.0 7.40407892774
487 114 0.0 7.54440361834
503 117 32.14031736 9.30963529073
503 117 0.0 7.24604929308
503 117 0.0 7.43692572578
503 117 0.0 7.54497690312
516 119 32.7566787083 9.1874722488
516 119 0.0 7.38354348593
516 119 0.0 7.43932545215
516 119 0.0 7.56247207876
531 121 33.2415402772 9.04815125705
531 121 0.0 7.06695261055
531 121 0.0 7.38144002143
531 121 0.0 7.47419532481
531 121 0.0 7.54562738033
548 124 33.1360830516 9.3096566494
548 124 0.0 7.24604966586
548 124 0.0 7.43692573229
548 124 0.0 7.54497690323
562 127 32.3882694814 9.25728541888
562 127 0.0 7.55929488081
562 127 0.0 7.52965935525
562 127 0.0 7.66876845792
562 127 0.0 7.61883649222
580 130 32.2490309932 9.27602780441
580 130 0.0 7.55962199715
580 130 0.0 7.68674469719
580 130 0.0 7.67151011434
595 133 32.2490309932 6.17026106399
595 133 0.0 7.64504248189
595 133 0.0 7.6882355659
595 133 0.0 7.72389601247
610 136 32.3882694814 6.13626878536
652 135 84.0238061504 7.87134200746
610 136 0.0 7.72709182275
610 136 0.0 7.72457418208
625 138 33.2415402772 5.92684111141
625 138 0.0 7.64079400225
625 138 0.0 7.70561470846
625 138 0.0 7.74165262825
633 144 41.1460812229 5.17664760817
641 145 30.4138126515 5.49839896816
647 146 24.6981780705 5.94034690176
662 138 34.0 8.32170813104
653 148 26.2488094968 5.60565050702
660 149 23.3452350599 6.13420501196
671 140 28.4253408071 8.51707781106
667 151 23.0867927612 6.01048607915
671 140 0.0 6.75213596382
671 140 0.0 7.06178616905
671 140 0.0 7.22427021734
687 149 32.14031736 9.32150120135
687 149 0.0 7.56041565765
687 149 0.0 7.59949208658
687 149 0.0 7.61762739144
705 151 33.2415402772 9.04911389886
705 151 0.0 7.06696941182
705 151 0.0 7.38144031467
705 151 0.0 7.4567420374
720 154 33.1360830516 3.21690621805
720 154 0.0 7.17461769537
720 154 0.0 7.38331913165
736 157 34.9857113691 8.85303823054
736 157 0.0 6.66212151786
736 157 0.0 7.06021512059
736 157 0.0 7.24169608989
750 161 34.7850542619 9.09491253745
750 161 0.0 6.7536094835
750 161 0.0 7.06181188682
763 165 35.8468966579 8.88233345559
763 165 0.0 6.29611367308
763 165 0.0 6.75712110577
773 170 35.8468966579 8.87701559826
773 170 0.0 6.29602085896
773 170 0.0 6.65239973074
773 170 0.0 6.83315264064
784 179 33.1058907145 8.983062354
784 179 0.0 6.29787172401
784 179 0.0 6.75715178955
784 179 0.0 6.92224737156
784 179 0.0 6.96003541809
796 189 34.6554469023 8.63621102583
796 189 0.0 6.5361641216
796 189 0.0 6.69149760639
796 189 0.0 6.79892844226
796 189 0.0 6.85316334162
807 201 36.235341864 8.32018649086
807 201 0.0 6.28630235766
807 201 0.0 6.61732352585
807 201 0.0 6.74527398277
807 201 0.0 6.78241372457
816 212 35.4682957019 8.54584447986
816 212 0.0 6.29024083256
816 212 0.0 6.56503238765
816 212 0.0 6.58728169756
816 212 0.0 6.67493648388
825 225 34.6698716467 8.4217956005
821 236 23.0867927612 6.00882309086
831 227 27.0185121722 8.4974361912
836 235 30.0166620396 7.86019227533
821 236 0.0 7.50000442046
821 236 0.0 7.23191856867
829 244 22.803508502 5.63898996856
829 244 0.0 6.74565213353
829 244 0.0 6.4857143517
829 244 0.0 6.53353745912
839 253 32.5729949498 8.14007504164
831 259 19.2093727123 5.41049419386
831 259 0.0 6.74166412994
831 259 0.0 6.48564474791
831 259 0.0 6.5335362443
824 265 0.0 7.33722356452
822 272 0.0 7.71776969733
822 273 0.0 7.5498785551
822 273 0.0 7.23278903653
820 276 0.0 7.314521243
820 276 0.0 7.10650822887
829 288 37.1214223865 4.24053774362
829 288 0.0 6.52925832006
829 288 0.0 6.28995134946
829 288 0.0 6.2857746549
819 296 51.6236379966 4.17385336291
819 296 0.0 6.96442677105
745 290 194.283298304 4.48240404965
792 298 99.9249718539 4.31691153342
769 297 143.892320851 4.3838363142
793 303 94.8946784599 4.21047144678
742 299 192.442199114 4.43433846179
763 302 151.924323267 4.31607263065
812 326 43.4626276242 4.3140085025
812 326 0.0 7.07159269482
812 326 0.0 6.75320247546
812 326 0.0 6.52075271507
811 341 35.5105618091 4.14304791869
811 341 0.0 6.66718314179
811 341 0.0 6.29235859172
809 370 58.137767415 6.21600349912
806 327 86.1452262171 3.1952512454
803 326 87.6926450736 3.26470222033
801 355 34.0 3.61498021891
798 362 26.4007575649 4.05742603628
795 370 28.0 4.72837328831
795 370 0.0 7.37553069748
795 370 0.0 6.89813353449
795 370 0.0 6.5756421168
795 370 0.0 6.44784053211
793 385 34.4383507154 4.28140170119
793 385 0.0 6.4776116531
789 418 67.4759216313 6.16687689743
788 419 69.5844810285 6.16145355284
787 421 73.9797269527 6.12645231258
787 389 58.137767415 3.19368828235
786 391 53.2353266168 3.22976835644
782 400 37.3363094052 3.4747441678
780 405 31.064449134 3.72336589758
778 411 25.6124969497 4.02441113819
776 414 24.6981780705 4.169291709
776 414 0.0 6.75490764493
775 424 24.7386337537 4.96743944161
775 424 0.0 7.01318404607
775 424 0.0 6.29839744671
771 448 49.6487663492 6.12884243442
768 450 54.8178802947 6.0386166786
762 430 0.0 7.20641254092
768 435 25.7099202644 3.3696167768
761 458 48.0832611207 6.00791239858
763 440 21.0237960416 3.55813851347
759 460 41.7731971484 6.0984691862
758 447 19.9248588452 4.43238365357
758 447 0.0 6.28826056756
752 465 38.8973006776 5.98903917235
747 466 44.2944691807 5.80928384861
752 454 18.4390889146 4.00845739681
733 471 50.931326313 5.47801020268
735 471 48.0832611207 5.50365873768
744 458 17.0880074906 3.46207116423
733 473 37.2021504755 5.66046018165
727 473 45.2769256907 5.48938979801
736 461 19.2353840617 9.25631524087
728 474 30.886890423 5.81394869602
729 463 17.0 3.60711308579
724 475 26.5706605112 5.9771509061
722 464 19.2353840617 3.60996150171
719 476 24.5153013443 6.09937366797
716 466 20.6155281281 3.35029530352
712 477 24.0416305603 6.00757517526
711 467 20.0249843945 3.1916134849
702 467 28.2842712475 3.92786384519
682 468 61.6846820532 4.42940602865
700 478 23.1948270095 6.16603555057
694 467 23.7065391823 3.59580486814
671 468 61.0327780787 4.40615721367
647 469 106.367288205 4.55992687036
682 468 0.0 6.86644526979
682 468 0.0 6.60999563728
682 468 0.0 6.29136048147
678 479 24.3515913238 5.98909327605
585 480 185.010810495 4.72718065666
585 479 186.002688153 4.7226094191
631 479 93.0 4.72252963595
666 474 33.0151480384 3.1691852092
661 483 20.591260282 5.79497469757
655 471 26.83281573 3.60678192705
639 472 49.193495505 4.24926916681
630 472 65.7875368136 4.38265573219
650 475 33.0151480384 3.16325329054
646 483 18.3847763109 5.93449750621
635 471 31.1448230048 3.88846973976
613 472 68.3081254318 4.41126517929
597 475 98.1529418815 4.56001602118
631 479 0.0 7.39004560137
631 479 0.0 6.74130723467
626 486 17.4928556845 5.77005352559
628 473 26.4764045897 9.20885386945
617 473 30.8058436015 3.77108511398
608 473 43.8292140016 4.11251045824
615 483 21.2132034356 6.16050467948
605 472 29.7321374946 3.87496101655
583 473 66.0984114786 4.41102940759
582 477 66.9103878333 4.56001190619
603 484 23.769728648 5.92396895787
597 472 25.495097568 3.59158000909
582 473 46.0651712251 4.24900384329
595 485 20.3960780544 6.11052706089
587 473 27.4590604355 3.71700910987
585 480 0.0 7.63713174295
585 480 0.0 6.29183409586
538 480 93.0 4.71501118823
575 486 23.6008474424 5.66487481788
578 474 24.7386337537 9.15465827713
572 474 23.5372045919 3.35126020198
570 485 22.360679775 6.11231177103
564 474 24.5967477525 3.61232050382
564 474 0.0 6.29140105805
559 485 25.079872408 5.90182752165
561 474 22.360679775 9.22860705207
554 474 23.769728648 3.52708377678
551 485 23.5372045919 6.0979271788
545 485 28.4253408071 5.61919808512
548 472 1.0 6.13444146181
545 472 1.0 6.09107427762
554 471 36.235341864 8.32433882002
540 475 10.295630141 8.79964895235
524 482 35.3411940941 5.17765983498
513 475 53.0 4.71301847145
509 470 61.8142378421 4.54782931714
524 472 31.4006369362 4.57985280755
524 472 0.0 7.63473791388
533 471 18.0277563773 7.86258864246
526 466 11.7046999107 9.00102940167
519 462 22.360679775 3.59292496756
497 445 75.6637297521 3.91741475937
515 477 30.8058436015 6.06983315458
513 476 30.083217913 5.93286701725
505 470 32.7566787083 5.28470468396
498 462 41.0 4.71488675651
497 458 44.72135955 4.54786192486
503 466 35.3836120259 5.4874245877
500 464 36.4005494464 5.38165000205
500 463 35.3836120259 5.48452364239
505 454 17.4642491966 5.17215986076
507 449 10.7703296143 9.0064324387
503 440 27.1661554144 3.24395341794
490 449 34.0 4.71417551275
489 443 37.947331922 4.40822317116
497 445 0.0 7.54447594903
503 444 12.0415945788 7.86101327398
486 434 38.0788655293 4.20134646332
487 440 32.0 4.71343188111
486 435 34.205262753 4.4605700699
486 431 37.1214223865 4.2467172885
488 425 42.4264068712 3.92882558799
495 432 21.2132034356 3.92327733115
495 432 0.0 7.55346533995
500 431 11.0453610172 7.86117016845
486 423 32.2490309932 4.20134920164
485 427 31.0 4.7134319289
493 425 15.5241746963 4.46057007073
486 421 31.0483493925 4.47361009127
486 420 29.8328677804 4.47383768257
486 418 29.8328677804 4.47384165478
488 412 32.2024843762 4.08986928867
492 408 33.2866339542 3.71664856373
488 413 30.8058436015 4.49553279664
495 414 15.5241746963 4.47422030596
497 412 13.6014705087 4.08987589738
497 412 0.0 7.60873291102
501 411 9.05538513814 7.86213476954
502 406 9.48683298051 9.00102148009
502 406 0.0 6.29818516989
502 406 0.0 7.43783566849
508 405 13.0384048104 7.85915204997
504 403 7.61577310586 4.41075348907
505 401 0.0 7.02092133581
506 400 0.0 7.01411748121
506 400 0.0 7.55505079966
506 399 0.0 7.59939845214
506 398 0.0 7.63507904973
506 396 0.0 7.6880616712
509 391 28.4253408071 3.81435545297
510 390 27.8028775489 3.81655969528
513 388 27.7848879789 3.67697182641
518 393 14.1421356237 3.91888165378
616 391 197.022841315 7.86754788627
554 380 77.4919350642 8.18081120837
552 378 74.8465096047 8.23863856232
521 383 29.5296461205 3.61452532226
525 381 29.4278779391 3.30692651848
528 388 15.6524758425 3.61571717194
623 387 191.010470917 7.86225666788
624 386 192.02343607 7.86655959382
576 379 98.4784240329 8.02371432673
536 378 31.1448230048 3.22680175127
536 378 0.0 6.68609821445
536 378 0.0 6.97336713029
543 377 33.1360830516 3.2084697344
543 377 0.0 6.75559143047
538 389 35.8468966579 5.24670405624
546 387 21.2602916255 5.48216839132
551 387 14.8660687473 5.9749702098
554 380 0.0 7.04822206781
554 380 0.0 7.46837957439
554 380 0.0 7.70260550902
554 380 0.0 7.72414681529
526 390 102.391405889 4.93199597882
563 383 26.2488094968 5.04034338619
564 386 28.3019433962 5.28658050046
571 387 18.8679622641 5.7795703394
576 379 0.0 6.74810572387
576 379 0.0 7.39332838597
576 379 0.0 7.52676269347
576 379 0.0 7.61635802407
576 379 0.0 7.68773492766
592 367 1.0 6.17054424041
594 367 1.0 6.17897085257
596 367 0.0 6.28383767982
599 383 32.5576411922 6.12858831855
661 381 124.036285014 7.87120795803
661 382 124.016127983 7.86671582331
630 382 62.0080639917 7.86663742077
608 378 29.6816441593 3.69529914012
608 378 0.0 7.16551393446
615 380 22.0907220344 3.21182332878
615 380 0.0 7.0698092271
615 376 26.1725046566 3.90828466733
626 378 15.5241746963 9.1239999954
630 379 19.1049731745 8.62161945504
626 392 22.1359436212 5.97740409
630 382 0.0 7.04826454703
630 382 0.0 7.46838031579
630 382 0.0 7.52807259676
630 382 0.0 7.6163808862
644 373 1.0 6.15184558493
647 373 1.0 6.16119120695
649 373 1.0 6.16135431882
625 390 72.7804918917 4.93962668927
633 391 59.1354377679 5.04047656721
640 392 46.9574275275 5.18186306979
654 394 27.7848879789 5.77774267546
661 382 0.0 6.74807382512
661 382 0.0 7.51550087687
661 382 0.0 7.68597463837
670 373 1.0 6.18796681008
671 373 0.0 6.40616773654
671 373 0.0 6.75904191153
677 372 0.0 6.29396182969
677 372 0.0 6.53019074626
679 371 0.0 6.65648676628
683 370 0.0 6.41434495238
683 370 0.0 6.68937146079
683 370 0.0 7.06069072182
688 367 0.0 6.70065232258
690 366 0.0 6.69436846708
690 366 0.0 7.06077793603
692 364 0.0 6.96245323255
693 363 0.0 7.06545689786
695 361 0.0 7.06725465096
696 360 0.0 7.17200578279
698 357 0.0 7.06911427982
698 357 0.0 7.36402445716
700 353 0.0 7.26445185563
701 351 0.0 7.26271398589
702 349 0.0 7.26268365434
702 349 0.0 7.52448251275
702 347 0.0 7.68613139749
703 343 0.0 7.42715331496
703 342 0.0 7.70188597505
703 340 0.0 7.70668096453
703 337 0.0 7.70676465289
703 335 0.0 7.70676611352
703 332 0.0 7.70676613902
703 330 0.0 7.70676613946
720 329 34.0147027034 7.86384577215
710 326 20.8806130178 4.44574199502
734 303 65.7951365984 8.59232832724
716 301 51.4198405287 9.17084539453
707 300 52.3450093132 3.24682296535
706 300 52.4690384894 3.26560231664
728 300 70.2139587262 8.4670112491
722 299 62.3698645181 8.55779296071
718 298 57.2800139665 8.64664386308
704 313 26.3058928759 6.134920481
699 293 41.2310562562 3.38582229749
694 292 45.6179789118 3.59964087053
698 305 18.8679622641 5.29634208306
697 289 32.0624390838 3.17920012569
687 288 40.4969134626 3.71820768096
675 286 58.2580466545 4.02432111033
690 300 17.88854382 5.86225951215
682 285 32.6496554346 3.6079562686
669 284 52.0096144958 4.05730344522
670 288 46.6476151588 4.18731908058
679 294 18.973665961 9.05905689456
621 276 120.503111993 4.4142424868
670 288 0.0 6.91626247519
670 288 0.0 6.29670584618
663 294 17.691806013 5.48304108719
665 282 24.5153013443 9.2038445574
656 283 24.6981780705 3.6837312224
656 283 0.0 6.29264741021
650 290 19.2093727123 5.62259659428
648 284 12.6491106407 3.46414702143
631 289 35.7351367704 5.03217788148
638 287 21.9544984001 5.81003676112
632 276 24.5967477525 3.60704480965
634 277 23.769728648 9.15364895308
626 277 25.632011236 3.47341563359
622 286 20.2484567313 5.97481744536
618 285 19.6468827044 6.07083502045
615 274 21.8403296678 3.3847037952
608 284 23.8537208838 5.72892303641
607 273 21.0237960416 3.18675008761
599 282 24.8394846967 5.62074833733
601 272 20.3960780544 9.20624800232
592 271 24.6981780705 3.68377317042
589 281 21.5870331449 6.06575533958
586 270 21.5870331449 3.349708553
580 280 22.825424421 5.81557871681
579 269 21.0237960416 3.18826251455
571 279 25.6124969497 5.62077473416
572 269 20.2237484162 9.25860834059
562 278 27.5862284483 5.4998294528
565 268 21.1896201004 9.08196452202
555 277 27.5862284483 5.49674643656
558 267 21.1896201004 9.08191071323
548 276 27.5862284483 5.49674549742
552 266 20.6155281281 9.01209752676
539 275 32.2024843762 5.35590068729
546 265 24.2074368738 8.74783993329
541 265 20.6155281281 9.15610629156
531 274 27.5862284483 5.49804045455
535 264 20.6155281281 9.01212012803
529 263 21.2132034356 3.24405268685
525 273 22.1359436212 6.00572089179
524 263 20.0249843945 3.19158112155
517 262 25.8069758011 3.77078364766
517 262 0.0 6.45124639433
515 272 21.3775583264 6.1140568593
507 261 26.6270539114 3.71707071648
483 252 74.0945342114 4.16392760672
505 272 23.1948270095 6.16140207801
498 258 29.9666481275 3.59572399879
477 258 62.60990337 4.24907616956
474 266 61.9838688692 4.53973199643
473 267 63.6396103068 4.57971148264
473 269 63.2850693292 4.63276913387
477 189 194.64840097 3.30724493306
472 238 102.552425617 3.54590955924
456 186 210.924156985 3.46280858017
473 269 0.0 7.3359891339
473 269 0.0 7.14178949929
473 269 0.0 6.9115072735
473 269 0.0 6.54096894754
473 269 0.0 6.29015573846
470 285 32.3882694814 6.146151882
464 189 192.314846021 3.1940321047
457 272 36.7695526217 3.91045276555
454 281 32.7566787083 4.51636861059
451 287 37.3363094052 4.85855639495
454 281 0.0 7.06364355596
451 287 0.0 7.59082177777
451 287 0.0 7.25095692309
451 287 0.0 6.87850601944
451 287 0.0 6.54039296699
451 287 0.0 6.29014568571
448 311 48.3735464898 6.16360499906
461 203 217.559187349 9.30298910103
444 291 40.7921561087 3.3189424782
439 302 24.0416305603 3.93008615535
436 307 24.3515913238 4.41199152276
433 313 30.4138126515 4.89164125614
433 313 0.0 7.5703664788
433 313 0.0 7.16333344817
433 313 0.0 6.80716353123
433 313 0.0 6.50424122064
433 313 0.0 6.3767811813
430 327 33.5410196625 4.24525489652
430 327 0.0 6.61660711251
426 348 42.5793377121 6.1343962408
428 337 21.3775583264 6.14343336592
401 360 70.1783442381 5.44545939271
373 407 177.428858983 5.62526366651
418 337 26.6270539114 3.72599295842
414 344 24.3515913238 4.40842942449
411 350 30.4138126515 4.90903237832
411 350 0.0 7.57067001114
411 350 0.0 7.25060520841
411 350 0.0 6.80868671079
411 350 0.0 6.50426780514
401 360 0.0 7.66832529176
401 360 0.0 7.33957607719
401 360 0.0 7.07203893318
404 368 30.4795013083 3.99559004564
404 368 0.0 6.52498317623
401 387 39.4588393139 6.15025039396
404 360 54.3323108288 9.30275601921
398 372 30.5941170816 3.31893841015
393 376 26.6270539114 3.72064657411
388 384 25.7099202644 4.49560257509
385 389 32.3882694814 4.8931005443
385 389 0.0 7.57039194818
385 389 0.0 7.1633338927
385 389 0.0 6.68499049134
385 389 0.0 6.39738914372
383 410 43.1045241245 6.21783662807
379 395 29.8328677804 3.35236287222
374 403 22.2036033112 4.08774908395
373 407 0.0 7.38180298836
373 407 0.0 6.67135020386
370 429 44.4072066223 6.15280498051
367 432 51.4198405287 6.05648819644
368 413 32.2490309932 3.26228034824
364 419 23.3238075794 3.66729782683
360 440 42.7551166529 6.10037437563
352 444 55.9464029228 5.86358689204
357 428 21.5406592285 4.35847101411
344 451 52.8393792545 5.78082506557
331 453 72.1387551875 5.49149056154
343 429 0.0 7.16195680372
342 430 0.0 6.98167242945
340 432 0.0 6.96107258101
337 435 0.0 7.06543280094
335 436 0.0 6.92762789023
333 438 0.0 6.75068981561
331 439 0.0 6.5381621534
329 440 0.0 6.29010675066
325 442 0.0 6.61738992504
323 443 0.0 6.29148953614
319 444 0.0 6.28580150132
316 444 1.0 6.07626271614
311 447 0.0 7.34669592839
310 448 0.0 6.28676503463
306 448 1.0 5.98901307037
299 463 31.6227766017 5.98381631824
287 460 42.201895692 5.35540708709
297 445 1.0 6.11238414783
293 445 1.0 6.10814259739
288 461 32.5576411922 6.10806856836
285 451 17.2626765016 3.2980871806
264 458 43.3243580449 5.04673288302
250 457 70.0357051796 4.88526629026
243 455 84.3800924389 4.8126349965
272 450 22.6715680975 8.54637194056
251 458 44.0113621693 5.0859728546
262 448 19.4164878389 3.35006141521
256 453 14.8660687473 5.50142561006
247 443 25.495097568 3.88091120928
251 447 20.2237484162 9.22824199355
249 446 21.6333076528 8.81542503885
240 444 21.8403296678 3.3976993426
235 455 23.769728648 5.93858936174
232 443 23.5372045919 3.34748908799
228 453 22.4722050542 5.93771302748
218 440 32.8024389337 3.78380610607
187 428 94.6678403683 4.16509235899
216 451 22.360679775 6.12651582173
204 435 40.0 3.78710133647
181 429 82.1522975942 4.16514987161
202 447 24.1867732449 6.1963299956
174 418 79.2085853933 3.91049287131
166 428 80.062475605 4.23711663024
105 417 202.7732724 4.41735021545
188 437 37.2155881319 9.30741779052
177 445 26.4007575649 5.37850829076
179 437 16.4924225025 9.13220694585
166 443 29.0688837075 5.18346406692
177 431 33.2415402772 8.6401105914
178 377 134.16407865 9.24149252244
153 427 40.6078810085 3.80656135098
153 427 0.0 6.69621692833
153 427 0.0 6.29286532689
148 437 23.2594066992 5.86694649292
139 423 31.9061122671 3.71275782697
119 420 66.3701740242 4.18130562511
136 434 22.803508502 6.02207904149
122 420 39.5979797464 3.92490491096
109 417 63.2850693292 4.16755499771
122 420 0.0 6.51053123833
120 431 22.360679775 6.13254486754
101 416 48.4148737476 4.04900595097
84 412 80.9506022214 4.23953413954
107 428 22.360679775 6.1278150759
93 414 39.5979797464 3.92675035289
99 427 22.360679775 6.12235596898
91 419 21.2132034356 3.9266550735
91 419 0.0 6.6110464966
83 426 20.5182845287 5.48852736651
86 414 23.769728648 9.15158043348
80 413 26.4764045897 3.31629989843
76 422 20.6155281281 5.90226208839
73 410 23.769728648 3.39921493503
69 420 22.4722050542 5.93861581382
65 408 24.3515913238 3.46966259731
39 391 82.7345151675 3.93271671768
58 418 23.8537208838 5.73848766625
59 407 21.2132034356 9.24320952631
51 416 24.8394846967 5.62173374043
53 406 20.6155281281 9.15390532329
40 414 30.5286750449 5.28856253017
42 408 21.3775583264 4.90694030635
48 401 19.1049731745 8.6178310488
43 400 15.2970585408 9.20619708603
26 408 37.5765884561 5.16730214596
25 394 36.6878726557 4.41613172284
34 400 20.1246117975 5.86909789738
23 398 34.4383507154 5.17887194773
23 388 31.4006369362 4.55595999413
32 386 19.2353840617 8.00084004854
20 374 33.2415402772 3.90708092808
22 372 33.8378486314 3.73091159752
22 372 0.0 7.20104207413
32 371 20.0249843945 7.8550192221
46 328 99.3629709701 8.91363082776
28 325 94.8946784599 9.28117293618
15 353 0.0 7.29791240884
16 351 0.0 7.36801773783
17 346 0.0 7.29942813657
17 345 0.0 7.66475016511
20 338 0.0 6.86827478142
20 337 0.0 7.55250536436
44 333 49.0102030194 7.86115341372
24 329 12.0415945788 5.61506560333
31 304 52.2015325446 9.1188823573
24 322 9.43398113206 4.20584712786
64 307 86.0348766489 8.18671564399
42 303 53.0377224247 8.64016734212
33 312 26.1725046566 8.63062827473
24 319 22.0227155455 5.45396254797
109 311 152.003289438 7.85943351712
56 300 51.8844870843 8.32029592607
44 306 25.9422435421 8.3283394925
38 309 12.5299640861 5.29160698075
30 318 36.8781778292 5.44804551016
44 306 0.0 7.44045122485
44 306 0.0 7.61485160476
44 306 0.0 7.70516192821
32 345 102.883429181 5.80432925603
51 329 59.8414572015 6.12021931777
36 301 56.0892146495 4.52002972758
36 298 57.8705451849 4.40483468798
113 306 98.005101908 7.8585760742
88 306 49.0102030194 7.86649535535
64 307 0.0 7.65719406264
64 307 0.0 7.74080752855
64 307 0.0 7.77717344387
59 312 59.2283715798 4.93292146808
52 318 75.894663844 5.04035953902
48 335 98.005101908 5.35639395246
83 317 23.769728648 5.93786844668
88 306 0.0 6.52397574428
88 306 0.0 7.07525731451
88 306 0.0 7.1546921631
88 306 0.0 7.33061148795
80 314 57.4282160614 4.83786102903
62 318 94.2019108086 4.88162078869
96 319 30.5286750449 5.28381026854
104 319 18.8679622641 5.77952198974
109 311 0.0 6.60847853985
109 311 0.0 7.19890521416
109 311 0.0 7.26156998118
109 311 0.0 7.43719661289
109 311 0.0 7.42280858335
113 306 0.0 7.07349161446
126 315 34.9284983931 8.98725706041
126 315 0.0 6.85645029608
126 315 0.0 7.30795289288
126 315 0.0 7.3332863923
126 315 0.0 7.47335488543
126 315 0.0 7.4583462493
141 319 35.1710107901 9.15105367361
141 319 0.0 7.05129530401
141 319 0.0 7.46843321248
141 319 0.0 7.59788669006
141 319 0.0 7.54778620191
141 319 0.0 7.61672495351
141 319 0.0 7.60047486919
154 352 94.2019108086 6.13411468004
157 343 74.4647567645 6.03870869664
157 372 131.381124976 6.14176330322
159 352 92.4445779914 6.02138889778
161 352 90.7579197646 5.96692809051
162 373 131.026714833 6.07069732523
158 378 143.251527042 5.96778868492
166 355 95.4620343383 5.89617942023
169 369 120.332871652 6.01710265043
177 382 142.898565423 6.17629279162
186 311 1.0 6.17907118372
189 311 1.0 6.17911967581
187 344 67.4462749157 6.02204088948
193 328 33.6154726279 5.89712629983
193 328 0.0 7.50064904079
193 328 0.0 7.68571542493
193 328 0.0 7.70639873519
193 328 0.0 7.67185314201
193 328 0.0 7.68870350019
207 335 41.7851648316 5.92621504991
217 326 26.2488094968 8.53090099393
213 339 28.1602556807 6.0107273392
217 326 0.0 6.49034078681
217 326 0.0 6.83032417848
217 326 0.0 7.15041727343
217 326 0.0 7.33053687705
228 335 32.2490309932 6.16430995834
235 327 21.9317121995 8.63977628914
231 339 25.2982212813 5.97772098654
235 327 0.0 6.52467130232
235 327 0.0 7.07526945429
235 327 0.0 7.2594121301
235 327 0.0 7.50697212136
246 319 0.0 6.28956238191
246 319 0.0 6.54756725393
250 318 0.0 6.37753736323
250 318 0.0 6.58400929205
253 317 0.0 6.55270632199
253 317 0.0 6.74414619981
253 317 0.0 6.93947367372
256 315 0.0 6.78580314858
259 313 0.0 6.74821450691
261 312 0.0 6.74755846135
261 312 0.0 6.95698652144
262 311 0.0 7.01300160819
263 310 0.0 7.06633913345
264 309 0.0 7.06727004888
266 307 0.0 7.06728629642
273 303 0.0 6.64840755951
273 303 0.0 6.78072308654
273 303 0.0 6.95756535334
274 302 0.0 7.01301171071
274 302 0.0 7.24087223497
274 302 0.0 7.34956890647
274 302 0.0 7.52599894647
274 302 0.0 7.68615786425
274 301 0.0 7.74131304225
275 295 0.0 7.49792958643
275 295 0.0 7.63330808394
276 291 0.0 7.4960445443
276 291 0.0 7.63327518375
276 291 0.0 7.74039006536
276 289 0.0 7.74225957272
277 284 0.0 7.56775927658
277 284 0.0 7.68688671951
277 283 0.0 7.74132576318
277 281 0.0 7.74227590373
277 279 0.0 7.74229248681
277 277 0.0 7.74229277624
277 276 0.0 7.77719936633
293 274 32.2490309932 7.95234152646
283 271 19.9248588452 4.41237995226
295 270 25.0199920064 7.85870776391
293 263 25.8069758011 8.44245630692
290 256 32.2024843762 8.95879012408
286 251 39.4588393139 9.24705452955
280 247 47.2652091924 3.24815306568
281 260 20.1246117975 5.18548770847
254 230 80.7217442824 3.87539705266
248 227 92.633687177 3.9223448273
258 231 73.2461603089 3.81844446542
274 252 16.2788205961 5.49214714393
264 232 44.72135955 3.60149658917
266 241 26.4007575649 3.77793802223
266 241 0.0 6.53863772432
264 245 8.54400374532 5.97595578558
256 241 20.0 4.7269513642
272 236 34.205262753 8.10854416606
263 230 26.0768096208 8.81333591765
253 238 17.4928556845 5.77131066327
251 238 16.7630546142 6.03237657201
240 234 29.4108823397 5.04209535804
245 234 14.8660687473 5.98474277894
227 227 42.0 4.72710472616
215 218 67.4462749157 4.44335541354
213 214 73.7360156233 4.35113659119
207 206 90.7854613911 4.24480731398
236 217 26.1725046566 8.64118123303
214 217 44.0 4.721108446
207 209 58.9406481132 4.46070405123
221 211 31.0161248385 4.36889267456
221 211 0.0 7.61360267245
223 205 13.0 8.9966837767
218 202 18.973665961 3.47067607445
215 208 13.0 5.93986304599
202 207 33.5261092285 5.04048069241
212 200 16.2788205961 8.63761506074
187 185 57.8013840665 4.19744742895
185 179 67.007462271 4.05013871436
197 200 34.205262753 5.39147121631
194 196 34.4383507154 5.17053578955
193 195 33.6005952328 5.37611924916
192 192 32.2024843762 5.37970735742
191 190 30.0 5.37976998172
190 188 30.4138126515 5.50194412236
184 183 34.4818792991 5.03283756534
183 181 34.1760149813 5.09446328146
182 180 33.1209903234 5.25261848578
180 176 33.2415402772 5.09829918215
179 172 33.5261092285 5.04324592464
179 173 34.205262753 5.39135091443
177 169 33.6154726279 5.25780015249
176 163 31.4006369362 4.88895010906
175 160 32.3882694814 4.88251246135
174 157 31.4006369362 4.8824001032
174 156 31.3209195267 5.03947777486
172 149 33.3766385366 4.5884336919
180 148 16.1245154966 4.8598141679
178 95 105.076162853 3.17158127629
166 93 112.53888217 3.38646214907
170 94 108.853112036 3.32039935772
170 137 32.3882694814 4.55843011342
178 136 16.0312195419 7.86125682009
160 102 76.47875522 3.60793876832
160 101 77.3692445355 3.60351753426
163 87 101.242283657 3.42890744397
161 87 103.406963015 3.46076650803
168 124 32.14031736 4.82267937015
176 120 18.7882942281 8.23238798259
163 116 27.2029410175 4.41726768498
161 104 43.1393092202 3.91434896143
159 87 72.8971878744 3.608865401
162 79 85.3814968245 3.4639073669
169 103 35.4682957019 3.51373724948
169 103 0.0 6.86563910883
169 103 0.0 7.06376717264
169 103 0.0 7.18939820733
169 103 0.0 7.55811002545
178 102 18.0277563773 7.86125123351
162 98 32.0156211872 4.4631500043
172 97 15.0 4.08968268417
172 97 0.0 7.50400978369
166 116 48.3735464898 5.78336519629
163 95 30.0 4.7235900243
177 69 52.038447325 3.16920371647
188 71 52.3927475897 9.00638084425
186 71 50.9215082259 9.07335221911
189 71 52.3259018078 8.95234804247
191 71 54.2033209315 8.8804229511
196 72 58.2580466545 8.72208798876
167 68 71.5891053164 3.84985590928
168 66 73.7563556583 3.85208588017
181 79 36.7695526217 3.92193797058
169 65 72.124891681 3.92315711955
170 64 72.8354309385 3.92317839771
187 79 28.2842712475 3.92317876909
185 66 51.4295634825 3.60901951021
181 64 59.0338885726 3.81297590701
191 66 45.3100430368 3.51982964482
199 79 15.2315462117 3.51471327736
199 79 0.0 7.54633455201
199 79 0.0 7.61669961744
284 78 171.011695506 7.86227381479
200 64 41.5932686862 3.60795651823
209 66 34.0147027034 3.14973223854
211 66 34.0147027034 3.14173471615
213 66 33.0151480384 3.14159513305
215 66 33.0151480384 3.14159269686
217 66 33.0151480384 3.14159265435
220 67 32.3882694814 9.25024503558
225 68 33.5410196625 8.93798211202
223 76 16.2788205961 6.12255200016
285 74 125.035994817 7.8711026044
286 75 126.015872016 7.86671398454
254 75 63.0079360081 7.86663738868
238 75 31.0161248385 7.86663605183
190 75 96.0052081921 4.7250433749
214 75 48.0 4.72257211649
238 75 0.0 6.29332531169
238 75 0.0 7.5599238956
238 75 0.0 7.63439008875
238 75 0.0 7.70550293908
246 75 16.0 4.72223107155
246 75 0.0 7.54995642077
250 75 8.0 4.71951627267
252 75 4.0 4.72247565036
254 75 0.0 6.29332362804
254 75 0.0 7.55992386622
254 75 0.0 7.63439008824
254 75 0.0 7.68804964656
254 75 0.0 7.68898618252
254 75 0.0 7.70645582068
254 75 0.0 7.7242140159
254 75 0.0 7.7419772474
268 75 32.7566787083 9.19091055343
268 75 0.0 7.05199093779
268 75 0.0 7.24155255082
268 75 0.0 7.47175382786
268 75 0.0 7.52813147565
213 78 142.0 4.71913535552
248 78 71.0 4.7224690021
266 78 36.0 4.72252718521
275 78 18.0 4.7225282007
276 85 21.2602916255 5.45556650426
284 78 0.0 6.28866518464
284 78 0.0 7.01879049292
284 78 0.0 7.50277248154
284 78 0.0 7.38904651313
284 78 0.0 7.50923466817
286 75 0.0 7.1622664968
286 75 0.0 7.22602392989
286 75 0.0 7.33185646214
286 75 0.0 7.29879700324
286 75 0.0 7.38548646944
300 80 32.14031736 9.30686166324
300 80 0.0 7.01910808139
300 80 0.0 7.24097863671
300 80 0.0 7.47174381117
300 80 0.0 7.5106780083
300 80 0.0 7.59862400084
300 80 0.0 7.61761224049
300 80 0.0 7.60049035527
300 80 0.0 7.63509810704
300 80 0.0 7.63570212625
317 84 32.3882694814 6.13472951166
357 83 80.024996095 7.87131514207
317 84 0.0 7.63982489127
317 84 0.0 7.70559779428
317 84 0.0 7.74165233304
317 84 0.0 7.75973489597
317 84 0.0 7.74259720371
317 84 0.0 7.74229809455
333 87 33.5261092285 5.99696362212
345 80 28.1780056072 8.3052429867
351 82 38.3275357935 8.10118396639
374 86 82.0243866176 7.87072966186
338 92 27.2946881279 5.80721895811
342 91 23.5372045919 6.10281646006
350 82 23.3452350599 8.63870302512
345 92 23.2594066992 5.85552920691
347 94 24.5153013443 6.08620634045
351 82 0.0 6.29967192617
351 82 0.0 6.46047723616
351 94 25.495097568 5.8698718726
353 95 25.0 6.01664349711
357 83 0.0 6.29845782552
357 83 0.0 6.47790933863
357 83 0.0 6.60321440602
357 83 0.0 6.74502773218
357 83 0.0 6.86967588928
357 83 0.0 6.97657116515
=======
392 98 34.0 1
393 98 34.0 1
394 98 34.0 1
396 98 34.0147027034 -2.16666666667
397 99 34.0 1
400 98 35.8468966579 -2.33333333333
401 99 34.0147027034 -2.16666666667
403 99 36.3593179254 -1.625
406 100 36.7151195014 -1.75
409 100 40.0 -1.3
409 101 35.4682957019 -2.5
413 101 40.2243707222 -1.4
416 102 40.4598566483 -1.16666666667
417 104 38.9486841883 -1.77777777778
419 105 40.8166632639 -1.7
422 107 41.629316593 -2.25
425 110 46.5725240888 -3.8
427 110 46.0977222865 -2.25
430 113 50.6951674225 -3.8
432 113 51.4781507049 -2.25
435 118 58.9406481132 -3.8
437 116 55.9464029228 -2.25
441 121 62.096698785 -3.8
443 123 66.2193325246 -3.8
445 120 61.7737808459 -1.8
447 121 63.1347764707 -1.8
450 125 68.9420046126 -2.25
453 133 81.7435012707 -3.8
454 129 75.6439025963 -2.25
458 138 89.9888882029 -3.8
460 134 83.258633186 -2.25
470 112 42.4852915725 2.0
474 111 40.8044115262 3.2
478 114 36.0 1
481 113 35.0 1
484 114 34.0 1
488 114 34.0 1
491 115 34.0 1
494 115 33.0 1
497 116 34.0 1
501 116 33.0 1
504 117 34.0 1
507 117 33.0 1
511 118 33.0 1
515 118 34.0147027034 -2.16666666667
517 119 33.0 1
521 120 34.0 1
524 120 33.0 1
528 121 33.0 1
532 121 34.0147027034 -2.16666666667
535 122 33.0 1
538 123 34.0 1
542 123 33.0 1
545 124 34.0 1
549 125 34.0 1
552 125 33.0 1
556 126 34.0 1
559 126 33.0 1
563 127 33.0 1
567 127 33.0 1
570 128 33.0 1
574 129 33.0 1
577 129 33.0 1
581 130 33.0 1
585 130 33.0 1
588 131 33.0 1
592 132 33.0 1
595 134 35.3411940941 -2.14285714286
600 133 33.0 1
603 134 33.0 1
606 136 35.3411940941 -2.14285714286
611 135 33.0 1
614 137 34.7850542619 -3.0
618 136 33.0 1
622 137 33.0 1
625 139 34.7850542619 -3.0
629 140 35.3411940941 -2.14285714286
634 139 33.0 1
637 141 34.7850542619 -3.0
641 142 35.3411940941 -2.14285714286
646 141 33.0 1
649 143 35.3411940941 -2.14285714286
653 144 35.3411940941 -2.14285714286
642 195 140.427917452 -3.2
662 144 33.0 1
665 146 35.3411940941 -2.14285714286
654 197 140.427917452 -3.2
675 146 33.0 1
679 147 33.0 1
683 148 33.0 1
688 149 34.0 1
692 149 33.0 1
696 150 33.0 1
701 151 33.0 1
706 151 34.0147027034 -2.16666666667
709 152 33.0 1
714 153 33.0 1
718 154 34.0 1
722 154 33.0 1
726 155 33.0 1
732 156 34.5398320783 -2.4
735 158 34.0 1
739 158 35.0 1
745 160 35.5105618091 -1.57142857143
747 161 36.0 1
751 162 34.5398320783 -2.4
754 163 36.0 1
760 162 39.9249295554 -2.4
764 166 36.6196668472 -1.42857142857
768 168 38.2099463491 -0.9
772 170 38.2099463491 -0.9
774 171 36.6196668472 -1.42857142857
777 174 35.3836120259 -0.9
780 176 35.0 -0.727272727273
783 178 36.4005494464 -0.727272727273
786 180 35.3836120259 -0.9
788 181 35.3836120259 -0.9
791 183 35.0 -0.727272727273
793 186 35.3553390593 -0.538461538462
795 188 35.3553390593 -0.538461538462
797 191 37.0 -0.333333333333
799 193 36.6742416418 -0.466666666667
801 195 34.205262753 -0.75
804 198 35.77708764 -0.5
806 200 35.77708764 -0.5
808 202 37.947331922 -0.3125
809 205 36.6742416418 -0.466666666667
811 206 35.4682957019 -0.833333333333
813 209 35.8468966579 -0.571428571429
815 211 35.3553390593 -1.0
816 214 33.5410196625 -0.5
818 217 32.2490309932 -0.538461538462
822 218 38.275318418 -0.333333333333
823 221 36.4005494464 -0.357142857143
824 224 36.4005494464 -0.266666666667
825 227 35.1140997322 -0.357142857143
827 230 33.5261092285 -0.307692307692
830 231 37.6430604494 -0.285714285714
831 234 36.6878726557 -0.307692307692
832 237 35.1140997322 -0.333333333333
834 240 34.1760149813 -0.363636363636
835 242 34.1760149813 -0.363636363636
836 244 33.6154726279 -0.4
837 247 32.8937684068 -0.333333333333
839 251 32.9848450049 -0.222222222222
840 254 32.9848450049 -0.25
840 259 33.1360830516 0.111111111111
839 264 32.6955654485 0.444444444444
839 268 34.0 0.555555555556
839 270 33.5410196625 0.5
838 273 33.8378486314 0.7
837 275 32.6955654485 0.454545454545
836 278 31.7804971641 0.454545454545
835 282 33.4215499341 0.818181818182
834 284 32.7566787083 0.615384615385
833 287 34.7131099154 0.916666666667
829 288 37.1214223865 0.5
826 291 42.3792402008 0.333333333333
826 294 40.2243707222 0.692307692308
816 294 57.008771255 0.384615384615
819 297 51.1077293567 0.583333333333
815 299 58.3095189485 0.583333333333
815 301 57.2013985843 0.727272727273
812 302 62.2012861603 0.727272727273
767 297 146.731046476 0.333333333333
793 303 94.8946784599 0.545454545455
789 304 102.95630141 0.545454545455
795 308 90.8019823572 0.727272727273
791 309 98.005101908 0.727272727273
788 310 104.403065089 0.727272727273
813 335 36.0555127546 0.333333333333
812 337 36.3593179254 0.583333333333
811 341 37.2021504755 0.727272727273
809 345 34.7850542619 0.333333333333
809 348 34.9857113691 0.583333333333
807 350 36.7967389859 0.9
806 355 34.9857113691 0.583333333333
804 358 36.4005494464 0.727272727273
803 362 34.5398320783 0.384615384615
802 365 34.9857113691 0.583333333333
801 369 34.9857113691 0.583333333333
799 371 36.7967389859 0.909090909091
798 375 35.0 0.727272727273
796 379 34.5398320783 0.384615384615
794 382 35.4682957019 0.384615384615
793 385 35.3553390593 0.538461538462
792 389 34.5398320783 0.384615384615
791 392 34.4818792991 0.538461538462
789 395 35.3553390593 0.538461538462
788 398 35.3553390593 0.538461538462
787 401 35.8050275799 0.692307692308
786 404 36.8781778292 0.833333333333
784 408 34.885527085 0.5
783 411 34.885527085 0.5
782 414 34.4383507154 0.466666666667
781 417 36.0555127546 0.642857142857
781 421 33.5410196625 0.2
780 424 32.3109888428 0.428571428571
779 427 31.384709653 0.416666666667
778 430 31.9061122671 0.636363636364
777 434 31.6227766017 0.7
776 436 31.6227766017 0.7
774 440 32.5576411922 1.125
772 442 32.5269119346 1.0
770 447 38.4837628098 2.2
767 449 37.947331922 3.0
767 448 33.8378486314 0.7
764 451 33.9705755029 1.125
763 454 33.941125497 1.0
761 456 33.941125497 1.0
759 458 33.941125497 1.0
757 460 32.8024389337 1.33333333333
753 463 34.4818792991 1.8
751 464 32.2490309932 1.8
748 466 34.0147027034 2.25
744 468 34.4818792991 3.33333333333
742 468 32.3109888428 2.5
735 470 34.7850542619 3.0
732 470 33.6154726279 2.4
729 472 32.9848450049 4.0
725 472 32.0 1
721 472 32.7566787083 -4.66666666667
719 473 34.9284983931 2.33333333333
712 473 32.0 1
709 473 32.0 1
705 473 32.0 1
702 473 33.0 1
699 473 33.0 1
696 473 33.0 1
692 473 33.0 1
689 473 33.0 1
686 474 32.0 1
683 474 32.0 1
679 474 33.0 1
676 474 33.0 1
673 474 33.0 1
670 474 33.0 1
667 474 33.0 1
663 474 33.0 1
660 475 34.0 1
657 475 34.0 1
654 475 33.0 1
651 475 33.0 1
648 475 33.0 1
645 475 33.0 1
642 475 33.0 1
639 476 33.0 1
636 476 33.0 1
633 476 33.0 1
630 476 33.0 1
627 476 33.0 1
623 476 33.0 1
620 477 34.0 1
617 477 33.0 1
614 477 33.0 1
611 477 33.0 1
608 477 33.0 1
605 477 33.0 1
602 478 34.0 1
599 478 34.0 1
596 478 34.0 1
593 478 34.0 1
590 478 33.0 1
586 478 33.0 1
583 478 33.0 1
580 478 33.0 1
577 479 34.0 1
574 479 34.0 1
571 479 33.0 1
568 479 33.0 1
565 479 33.0 1
568 483 44.418464629 0.615384615385
564 483 39.8246155035 0.818181818182
561 484 33.941125497 1.0
556 483 28.6530975638 1.8
549 484 25.0 1
543 484 26.83281573 -2.0
540 483 24.5967477525 -2.0
537 482 25.6124969497 -1.25
533 483 30.2324329157 -1.5
528 482 36.235341864 -0.833333333333
523 480 41.1460812229 -0.5
529 479 35.1140997322 -2.75
525 478 36.3593179254 -1.66666666667
524 478 34.5398320783 -2.5
521 478 36.7151195014 -1.8
519 477 36.2491379208 -2.25
516 476 35.5105618091 -1.6
512 473 35.3553390593 -1.0
511 472 35.3553390593 -1.0
509 471 35.3553390593 -1.0
506 469 36.235341864 -0.833333333333
504 467 36.7151195014 -0.571428571429
502 465 36.7151195014 -0.571428571429
501 464 36.0555127546 -0.666666666667
499 462 36.7151195014 -0.571428571429
498 461 36.0555127546 -0.666666666667
495 456 37.3630833845 -0.285714285714
496 457 36.7151195014 -0.571428571429
495 456 36.0555127546 -0.666666666667
494 454 36.0555127546 -0.666666666667
493 453 36.0555127546 -0.666666666667
492 451 36.0555127546 -0.666666666667
490 443 36.0 -0.0
489 441 36.0 -0.0
489 440 36.0 -0.0
489 438 36.0 -0.0
489 436 36.0 -0.0
488 435 36.0 -0.0
491 447 44.72135955 -2.0
489 442 39.8246155035 -1.25
488 440 36.7695526217 -1.0
486 431 31.3209195267 -0.333333333333
485 427 31.0 -0.0
485 425 31.0 -0.0
485 424 31.0 -0.0
486 422 30.0 -0.0
488 413 31.6227766017 0.666666666667
491 407 34.6698716467 1.5
487 417 31.0 -0.0
487 416 31.0 -0.0
490 407 30.2324329157 0.666666666667
494 403 31.064449134 1.5
492 405 29.4108823397 0.666666666667
493 403 29.4108823397 0.666666666667
497 400 28.8444102037 1.5
503 406 11.1803398875 2.0
505 408 12.3693168769 4.0
506 405 8.60232526704 1.5
508 404 9.89949493661 1.0
509 403 9.89949493661 1.0
510 402 11.313708499 1.0
511 400 12.2065556157 0.75
512 399 13.8924439894 0.6
509 391 29.0688837075 2.0
510 390 29.0688837075 2.0
511 389 29.0688837075 2.0
513 388 27.7848879789 1.66666666667
515 387 27.7848879789 1.66666666667
516 386 27.7848879789 1.66666666667
518 385 27.7848879789 1.66666666667
524 382 31.0 1
525 382 30.0 1
527 381 31.0 1
529 380 31.0 1
531 380 32.0 1
533 379 31.0 1
535 379 32.0 1
538 378 32.0 1
540 378 32.0 1
542 377 33.0 1
545 377 33.0 1
547 377 33.0 1
549 377 33.0 1
552 377 33.0 1
554 377 33.0 1
557 377 33.0 1
560 377 33.0 1
562 378 34.0 1
565 378 33.0 1
567 378 33.0 1
570 378 33.0 1
573 379 34.0 1
575 379 33.0 1
578 379 33.0 1
581 380 33.0 1
584 380 33.0 1
586 382 31.6227766017 -3.0
589 382 31.6227766017 -3.0
591 383 34.205262753 -3.75
596 383 34.7850542619 -3.0
590 414 99.6242942259 -3.2
602 384 34.7850542619 -3.0
604 384 34.7850542619 -3.0
607 385 35.1140997322 -2.8
610 385 35.1140997322 -2.8
612 385 35.3553390593 -1.85714285714
615 386 35.1140997322 -2.8
617 386 35.3553390593 -1.85714285714
621 387 33.5261092285 -3.25
624 387 33.5261092285 -3.25
625 388 35.77708764 -2.0
629 388 33.5261092285 -3.25
631 389 35.77708764 -2.0
634 389 34.7850542619 -3.0
636 389 34.7850542619 -3.0
639 389 34.7850542619 -3.0
642 389 34.7850542619 -3.0
645 389 34.7850542619 -3.0
647 389 34.7850542619 -3.0
650 389 34.7850542619 -3.0
653 389 34.7850542619 -3.0
655 389 34.7850542619 -3.0
658 389 34.7850542619 -3.0
661 389 34.7850542619 -3.0
662 390 37.3363094052 -2.75
666 391 37.3630833845 -3.66666666667
671 390 34.0 1
674 390 35.6931365951 5.0
680 389 36.7151195014 1.8
683 432 120.598507453 10.0
682 388 34.7850542619 3.0
686 387 36.2491379208 2.25
687 388 36.8781778292 4.5
691 386 35.77708764 2.0
692 385 36.4005494464 2.66666666667
696 383 35.77708764 2.0
698 382 35.77708764 2.0
700 380 35.77708764 2.0
702 378 35.8468966579 1.75
703 378 38.0131556175 2.0
706 374 35.8050275799 1.4
709 371 34.8281495345 0.833333333333
710 370 36.8781778292 1.16666666667
712 365 33.1209903234 0.571428571429
713 365 36.8781778292 1.16666666667
714 363 36.8781778292 1.16666666667
715 359 35.4682957019 0.857142857143
716 355 32.2024843762 0.5
716 354 35.4682957019 0.857142857143
718 350 33.5410196625 0.5
718 347 34.0 0.555555555556
718 345 35.3553390593 0.555555555556
718 342 35.3553390593 0.555555555556
719 340 35.77708764 0.5
719 336 34.1760149813 0.4
719 333 33.5410196625 0.2
720 330 34.0 0.0
717 325 29.7321374946 -0.333333333333
717 324 31.2569992162 -0.1
716 321 30.6757233004 -0.333333333333
715 319 31.2569992162 -0.1
777 295 163.49006086 -0.333333333333
739 301 89.0505474436 -0.444444444444
740 300 92.8493403315 -0.4
720 299 60.207972894 -0.875
736 298 90.4765162901 -0.363636363636
731 297 82.0792300159 -0.4
727 296 78.9240140895 -0.4
711 294 52.4022900263 -0.875
722 294 73.5391052434 -0.4
708 292 51.4003891036 -0.75
704 291 47.5078940809 -0.857142857143
701 291 45.343136195 -0.857142857143
694 289 38.5875627631 -1.6
690 289 36.3593179254 -1.6
687 288 36.3593179254 -1.6
684 287 36.3593179254 -1.6
681 287 34.1320963318 -1.6
678 286 34.1320963318 -1.6
671 286 31.0 1
668 285 31.0 1
664 285 31.0 1
660 284 31.0 1
657 284 32.0 1
653 289 24.5967477525 2.0
658 368 181.107702763 9.0
644 288 22.4722050542 -2.66666666667
639 288 21.9317121995 -2.33333333333
635 287 25.4558441227 -1.0
630 286 31.6227766017 -0.7
629 281 32.0 1
625 280 31.0 1
621 280 31.0 1
617 279 31.0 1
612 279 31.0 1
608 279 31.6227766017 -3.0
603 279 33.5410196625 -2.0
600 278 32.0 1
596 277 31.6227766017 -3.0
591 277 31.9530906173 -2.8
587 277 33.5410196625 -2.0
583 276 31.9530906173 -2.8
579 275 33.1209903234 -1.85714285714
575 275 31.9530906173 -2.8
572 275 35.1140997322 -2.8
568 274 31.9530906173 -2.8
564 273 33.1209903234 -1.85714285714
561 273 31.9530906173 -2.8
557 274 33.5261092285 -3.25
554 272 33.1209903234 -1.85714285714
550 272 31.9530906173 -2.8
547 271 33.1209903234 -1.85714285714
543 271 31.9530906173 -2.8
540 271 33.5410196625 -2.0
537 271 35.1140997322 -2.8
533 270 31.9530906173 -2.8
530 270 31.9530906173 -2.8
527 270 33.5410196625 -2.0
525 269 31.6227766017 -3.0
522 268 31.0 1
519 268 32.0 1
516 267 31.0 1
513 267 31.0 1
510 267 31.0 1
507 267 33.0 1
504 267 33.0 1
501 267 34.0 1
499 267 36.0 1
496 267 36.0 1
493 265 39.0 1
491 265 41.0 1
488 247 79.0 1
456 185 211.872603231 3.0
453 185 215.034880891 3.0
451 186 215.034880891 3.0
456 187 210.278386907 4.0
467 261 62.6498204307 1.83333333333
465 267 54.8178802947 1.25
465 257 75.2861208989 3.25
462 268 56.8242905807 1.83333333333
461 274 48.4148737476 1.25
459 274 51.9711458407 1.71428571429
457 277 49.7393204618 1.71428571429
456 278 51.0 1.85714285714
455 281 48.3735464898 1.71428571429
453 287 40.3608721412 1.11111111111
452 291 37.2021504755 0.727272727273
451 292 38.9486841883 1.1
449 294 38.9486841883 1.1
447 298 37.5366487582 1.1
446 300 37.5366487582 1.1
445 302 36.1247837364 1.1
443 306 33.0151480384 0.666666666667
442 308 34.4818792991 0.538461538462
440 311 33.9705755029 0.909090909091
438 314 33.6154726279 0.583333333333
437 316 34.7131099154 1.1
435 318 33.9705755029 0.9
434 321 32.7566787083 0.583333333333
432 323 33.9705755029 0.9
430 326 33.9705755029 0.9
429 327 35.8050275799 1.375
427 331 32.6496554346 0.8
426 333 35.6089876295 1.25
424 336 33.4215499341 0.8
422 338 35.8050275799 1.375
421 341 35.6089876295 1.25
419 344 33.4215499341 0.8
418 346 35.6089876295 1.25
416 349 35.6089876295 1.25
414 351 33.4215499341 0.777777777778
412 355 32.7566787083 0.6
411 356 35.6089876295 1.25
409 359 33.4215499341 0.777777777778
407 362 32.5269119346 1.0
406 366 30.5286750449 0.6
404 367 31.1448230048 0.875
402 370 31.9061122671 0.6
400 373 32.0156211872 0.777777777778
398 376 32.0156211872 0.777777777778
397 377 34.205262753 1.25
395 381 32.0156211872 0.777777777778
393 384 32.0156211872 0.777777777778
392 385 34.205262753 1.25
390 388 34.205262753 1.25
388 391 32.6496554346 0.8
387 394 33.3016516107 1.11111111111
384 397 33.9705755029 0.9
383 400 32.7566787083 0.583333333333
381 404 32.5576411922 0.909090909091
379 407 32.5576411922 0.909090909091
377 409 33.941125497 1.0
375 412 32.6496554346 0.833333333333
373 415 33.9705755029 1.09090909091
371 418 33.9705755029 1.09090909091
370 420 32.2024843762 0.75
368 424 34.0587727319 1.22222222222
366 427 34.0587727319 1.22222222222
364 429 32.4499614792 0.7
361 432 32.5269119346 1.0
359 434 32.5269119346 1.0
356 439 35.77708764 2.0
355 439 32.6496554346 0.857142857143
353 442 33.3016516107 1.16666666667
349 445 33.6154726279 1.75
347 447 32.4499614792 1.5
342 451 34.7850542619 3.0
341 452 32.7566787083 1.66666666667
337 454 32.3109888428 2.5
332 457 35.6931365951 5.0
332 457 33.5410196625 2.0
327 459 32.9848450049 4.0
323 460 32.9848450049 4.0
312 461 37.6961536499 -2.5
324 459 36.7695526217 1.0
317 462 31.304951685 2.0
299 463 36.0555127546 -1.5
296 463 36.0555127546 -1.5
289 460 40.6078810085 -0.8
293 461 34.9284983931 -2.33333333333
289 461 34.9284983931 -2.33333333333
286 460 32.6955654485 -2.33333333333
282 459 33.2866339542 -1.6
279 458 31.7804971641 -2.25
277 458 32.3109888428 -2.5
272 457 32.7566787083 -1.66666666667
269 457 31.9530906173 -2.75
266 456 31.6227766017 -3.0
262 454 30.3644529014 -3.25
258 453 30.3644529014 -3.25
254 453 33.1209903234 -1.85714285714
251 451 29.0 1
246 450 31.7804971641 -2.16666666667
242 450 30.0 1
232 409 113.13708499 7.0
234 449 33.0 1
230 448 33.0 1
225 447 33.0 1
221 446 33.0 1
218 445 34.0147027034 -2.16666666667
213 445 34.0 1
209 444 34.0 1
204 443 34.0 1
200 441 35.0 1
196 439 37.0 1
193 440 34.5398320783 -2.4
188 438 38.0 1
183 432 47.0 1
179 382 146.0 1
175 381 146.0 1
171 380 146.0 1
167 379 145.0 1
162 378 145.0 1
167 414 75.7693869581 -2.4
154 377 146.0 1
150 376 146.0 1
146 428 39.0 1
141 429 36.0 1
137 428 36.0 1
133 427 35.0 1
130 426 36.2491379208 -2.16666666667
125 426 35.0 1
121 426 34.0 1
116 425 34.0 1
112 423 35.0 1
108 423 34.0 1
104 422 34.0 1
101 421 34.0147027034 -2.16666666667
96 420 35.0 1
93 420 34.0 1
89 419 33.0 1
85 418 33.0 1
83 417 34.0147027034 -2.16666666667
79 416 34.0147027034 -2.16666666667
75 416 33.0 1
71 415 33.0 1
69 414 34.0147027034 -2.16666666667
65 414 34.0 1
62 414 31.6227766017 -3.0
58 413 34.6698716467 -1.55555555556
55 413 34.7850542619 -3.0
52 412 33.5410196625 -2.0
48 411 35.3553390593 -1.85714285714
46 410 33.8378486314 -1.5
43 410 34.7850542619 -3.0
40 409 34.9857113691 -1.66666666667
38 408 34.0147027034 -2.25
37 401 22.627416998 -1.0
28 405 41.0121933088 -1.0
25 400 38.275318418 -0.666666666667
25 391 34.0 -0.0
24 387 33.0 -0.0
25 382 34.1760149813 0.363636363636
25 380 34.0 -0.0
25 376 33.0 -0.0
25 372 33.0 -0.0
27 369 34.9857113691 0.615384615385
27 364 31.7804971641 0.454545454545
29 364 36.7695526217 1.0
30 358 31.7647603485 0.571428571429
31 355 34.6698716467 0.666666666667
31 351 34.6698716467 0.666666666667
31 353 37.8021163429 1.33333333333
33 348 36.7695526217 1.0
43 334 47.0 0.0
59 312 90.7854613911 -0.5
33 341 48.3735464898 1.75
36 334 43.8406204336 1.0
41 328 45.6508488421 0.571428571429
43 325 49.193495505 0.5
54 320 67.2681202354 0.2
113 314 184.0 0.0
73 305 106.367288205 -0.153846153846
66 304 92.9623579735 -0.2
63 303 87.5556965594 -0.235294117647
62 303 84.6463230152 -0.25
60 303 81.0431983574 -0.272727272727
35 352 145.041373408 -4.16666666667
33 347 136.704059925 -2.66666666667
34 349 139.645980966 -2.55555555556
35 351 145.031031162 -2.55555555556
37 352 144.848196399 -2.44444444444
48 347 128.576825284 -3.66666666667
44 354 145.602197786 -2.625
62 317 65.5209890035 -3.5
61 322 75.3923072999 -2.5
68 313 54.1202365109 -3.5
71 312 51.2445119013 -3.33333333333
75 306 43.4165866922 3.8
79 308 40.0 1
82 307 39.0 1
84 308 38.0 1
87 308 38.0 1
90 308 36.0 1
93 308 35.0 1
95 308 35.0 1
98 309 35.0 1
101 309 35.0 1
103 310 34.0 1
106 310 35.0 1
108 311 34.0 1
111 311 35.0 1
114 312 34.0 1
116 312 35.0 1
120 313 34.0147027034 -2.16666666667
123 314 36.0555127546 -1.5
125 314 36.3593179254 -1.625
128 315 37.2021504755 -1.33333333333
132 316 41.0365690574 -0.916666666667
132 317 37.0 1
134 317 37.0 1
137 318 36.0 1
140 318 37.6961536499 -2.5
142 319 35.4682957019 -2.5
145 320 36.7151195014 -1.75
148 320 38.0131556175 -1.4
148 326 46.5188133985 -2.125
150 326 46.6476151588 -1.7
152 329 50.9901951359 -2.125
155 334 59.2030404625 -3.6
156 332 56.3648826842 -2.125
158 343 74.7261667691 -3.6
160 335 60.835844697 -2.125
160 352 91.7605579756 -3.4
161 358 102.200782776 -3.4
157 378 144.920667953 -3.4
160 379 144.920667953 -3.4
166 355 97.169954204 -2.28571428571
164 379 143.589693223 -3.2
168 380 144.920667953 -3.4
170 380 144.920667953 -3.4
165 380 150.306353824 -2.125
176 381 144.920667953 -3.4
171 380 146.413797164 -2.28571428571
196 333 41.7612260356 -3.4
198 334 43.0116263352 -3.2
200 334 43.0116263352 -3.2
203 335 44.7772263545 -2.28571428571
204 338 49.6588360717 -2.14285714286
208 335 41.1096095822 -3.0
210 336 42.4852915725 -2.0
215 335 37.947331922 -3.0
217 336 40.249223595 -2.0
219 336 38.275318418 -2.8
222 335 37.5898922584 -1.85714285714
226 335 33.5261092285 -3.25
228 335 33.5261092285 -3.25
231 335 33.5261092285 -3.25
233 335 33.5261092285 -3.25
236 335 33.5261092285 -3.25
239 335 33.5261092285 -3.25
241 335 33.5261092285 -3.25
251 334 31.6227766017 3.0
260 378 121.655250606 6.0
255 333 31.9530906173 2.75
258 333 34.7850542619 3.0
260 331 33.6154726279 2.4
263 331 35.8468966579 2.4
264 329 33.6154726279 1.71428571429
267 328 35.1140997322 2.8
269 327 34.9284983931 2.33333333333
272 325 34.0587727319 1.22222222222
273 324 35.5105618091 1.625
275 322 35.8468966579 1.75
276 321 35.8468966579 1.75
278 321 38.3275357935 3.75
280 319 34.9284983931 2.33333333333
281 317 33.6154726279 1.71428571429
283 315 32.6496554346 1.22222222222
285 314 34.0587727319 1.22222222222
286 311 32.0156211872 0.818181818182
288 310 32.2490309932 0.583333333333
289 307 31.9530906173 0.384615384615
289 305 33.6154726279 0.428571428571
290 303 34.4818792991 0.571428571429
291 301 34.1760149813 0.4
291 299 34.4818792991 0.571428571429
292 297 34.1760149813 0.4
292 295 35.4682957019 0.4
292 293 35.1140997322 0.375
293 291 36.235341864 0.533333333333
293 289 35.4682957019 0.4
294 287 36.4005494464 0.4
294 285 36.4005494464 0.4
294 283 36.4005494464 0.4
294 282 36.0555127546 0.357142857143
294 279 34.7131099154 0.214285714286
294 277 34.0587727319 0.0769230769231
293 274 32.14031736 -0.0769230769231
292 272 32.0156211872 -0.25
292 270 32.14031736 -0.0833333333333
291 267 31.3209195267 -0.272727272727
290 266 31.5753068077 -0.181818181818
289 263 31.384709653 -0.4
288 260 31.7804971641 -0.444444444444
287 258 31.7804971641 -0.444444444444
286 256 32.8937684068 -0.333333333333
285 254 32.3109888428 -0.375
283 250 32.2024843762 -0.714285714286
282 250 33.2415402772 -0.375
279 245 32.2024843762 -0.714285714286
280 245 33.5261092285 -0.285714285714
276 241 32.6496554346 -0.5
271 237 30.61045573 -1.25
264 233 34.0 1
261 232 34.0 1
259 231 35.0 1
262 232 37.1214223865 -0.5
258 230 33.3016516107 -0.875
253 228 29.5296461205 -1.8
250 226 31.4006369362 -1.28571428571
247 224 31.7804971641 -2.2
243 224 31.7804971641 -2.16666666667
240 222 34.0 1
237 224 35.77708764 -2.0
233 221 35.4682957019 -1.2
230 220 35.3553390593 -1.85714285714
227 219 35.0 -1.375
224 217 35.0 -1.375
223 217 35.1140997322 -2.75
219 216 34.5398320783 -2.5
215 213 34.7131099154 -1.14285714286
214 212 34.0147027034 -2.25
209 210 34.7131099154 -1.16666666667
206 208 34.7131099154 -1.16666666667
202 205 34.8281495345 -0.833333333333
202 205 33.8378486314 -1.5
197 200 34.6698716467 -0.666666666667
195 198 34.6698716467 -0.666666666667
193 195 34.6698716467 -0.666666666667
192 192 31.9061122671 -0.666666666667
191 190 31.064449134 -0.666666666667
190 188 30.61045573 -0.8
186 185 33.5410196625 -0.5
184 183 33.6154726279 -0.6
183 182 34.205262753 -0.8
181 178 33.6154726279 -0.6
179 170 34.0 -0.0
179 173 34.6698716467 -0.666666666667
178 171 34.205262753 -0.8
176 163 34.0 -0.0
175 160 33.0 -0.0
174 157 33.0 -0.0
173 155 33.0 -0.0
173 152 32.0 -0.0
172 149 33.0 -0.0
172 147 32.0 -0.0
171 144 32.0 -0.0
171 142 32.0 -0.0
170 139 31.0 -0.0
170 137 32.0 -0.0
169 134 31.0 -0.0
169 132 31.0 -0.0
169 129 32.0 -0.0
169 127 32.0 -0.0
168 126 31.5753068077 -0.222222222222
168 122 32.0 -0.0
167 120 33.0 -0.0
167 115 36.7695526217 0.4
167 113 36.7695526217 0.4
168 114 34.0 -0.0
167 112 35.0 -0.0
167 110 35.0 -0.0
166 105 39.5600808897 0.363636363636
166 104 39.5600808897 0.363636363636
165 100 44.7772263545 0.545454545455
166 100 41.1096095822 0.333333333333
166 98 41.7851648316 0.363636363636
164 94 49.244289009 0.545454545455
166 95 43.6577599059 0.363636363636
165 93 47.539457296 0.4
164 88 52.4785670536 0.6
165 84 56.2227711875 0.777777777778
165 88 50.6951674225 0.4
166 82 55.4707129934 0.666666666667
166 77 61.619802012 0.875
166 71 70.1783442381 1.14285714286
167 72 67.8822509939 1.0
167 67 72.3463889907 1.16666666667
174 67 64.6606526413 1.6
179 68 58.137767415 2.0
180 67 58.137767415 2.0
183 67 53.310411741 2.33333333333
184 66 53.310411741 2.33333333333
185 66 51.4295634825 2.0
188 66 49.193495505 2.0
191 65 46.2385120868 2.5
200 67 40.0 1
202 67 38.0 1
203 67 38.0 1
205 66 37.0 1
208 66 35.0 1
210 66 34.0 1
212 66 34.0 1
214 66 33.0 1
216 66 33.0 1
218 67 32.0 1
220 67 33.0 1
222 67 33.0 1
224 68 32.0 1
227 68 33.0 1
229 68 33.0 1
231 69 32.0 1
233 69 33.0 1
235 69 33.0 1
237 70 33.0 1
239 70 33.0 1
241 70 33.0 1
243 71 34.0 1
245 71 33.0 1
247 71 33.0 1
249 72 34.0 1
251 72 33.0 1
253 72 33.0 1
255 73 34.0 1
257 73 33.0 1
259 73 33.0 1
261 74 34.0 1
262 74 33.0 1
264 74 33.0 1
266 75 34.0 1
268 75 33.0 1
269 75 33.0 1
272 75 34.0147027034 -2.16666666667
272 76 34.0 1
274 76 33.0 1
276 76 33.0 1
277 77 34.0 1
279 77 33.0 1
280 77 33.0 1
282 77 33.0 1
283 77 33.0 1
285 78 34.0 1
286 78 33.0 1
288 78 33.0 1
290 78 34.0147027034 -2.16666666667
291 79 34.0 1
293 79 33.0 1
294 79 33.0 1
296 79 33.0 1
297 79 33.0 1
299 80 32.0 1
301 80 33.6154726279 -2.33333333333
302 80 33.6154726279 -2.33333333333
305 80 34.0147027034 -2.16666666667
307 81 34.9857113691 -1.625
308 81 34.9857113691 -1.625
309 82 33.0 1
311 82 33.0 1
313 83 34.0 1
315 83 33.0 1
316 84 33.5261092285 -3.2
317 85 35.3411940941 -2.14285714286
319 85 34.7850542619 -3.0
322 85 33.5261092285 -3.2
324 85 33.5261092285 -3.2
325 86 35.3411940941 -2.14285714286
327 86 34.7850542619 -3.0
330 86 33.5261092285 -3.2
331 87 35.3411940941 -2.14285714286
333 87 34.7850542619 -3.0
335 87 34.7850542619 -3.0
337 87 34.7850542619 -3.0
338 89 36.8781778292 -1.2
340 90 36.0555127546 -1.5
342 90 33.5410196625 -2.0
345 89 30.3644529014 -3.25
347 89 30.3644529014 -3.25
349 91 33.5261092285 -3.25
351 91 32.3882694814 -6.5
341 257 364.927390038 -14.0
354 91 35.1140997322 -2.8
355 91 35.1140997322 -2.8
357 91 35.1140997322 -2.8
357 91 35.3553390593 -1.85714285714
359 92 35.77708764 -2.0
360 92 35.1140997322 -2.8
361 92 35.1140997322 -2.8
361 92 35.3553390593 -1.85714285714
>>>>>>> c1acbbf63c353d5c29a1637f22854ac1e72793e1
