391 97 33.1360830516 3.03687289847
392 97 33.3766385366 2.9876278324
394 98 32.9848450049 2.91695517377
395 98 33.5261092285 2.82845524059
396 98 33.1360830516 3.03635013561
399 98 33.9558536927 2.91780553838
400 99 33.5261092285 2.82847008225
401 99 33.1360830516 3.03635039464
405 100 33.5261092285 2.84799237282
406 100 33.1360830516 3.03669112289
408 100 33.3766385366 2.98762465981
412 101 34.5398320783 2.75987548572
415 101 33.5410196625 2.98279331552
417 102 33.5261092285 2.82960433294
419 102 33.3766385366 2.98401031349
423 103 33.6154726279 2.75981240348
426 103 33.5410196625 2.98279221453
429 104 33.6154726279 2.75979114364
432 105 33.5261092285 2.8257122108
434 105 33.1360830516 3.0363022607
438 106 33.5261092285 2.83053824021
440 106 33.1360830516 3.03638649081
444 107 33.5261092285 2.8305397103
446 107 33.3766385366 2.98402663891
450 108 34.5398320783 2.75981268841
453 108 33.5410196625 2.9827922195
455 108 35.2278299076 3.24848333428
459 109 33.2415402772 3.02128520027
462 110 33.5261092285 2.83027614306
465 110 33.2415402772 3.01892862383
469 111 33.6154726279 2.76042184296
472 112 32.9848450049 2.91298968118
474 112 33.1360830516 3.03782553993
478 112 34.7850542619 2.83056482645
481 113 34.2344855372 3.03638695482
484 113 33.9558536927 2.90035288848
488 114 34.5253530033 2.98524510873
490 114 35.2278299076 3.24852614528
493 115 33.1360830516 3.03873923998
497 116 32.9848450049 2.9003939436
500 116 33.1360830516 3.03760570283
504 117 33.5261092285 2.83056098956
506 117 33.3766385366 2.9840270103
510 118 33.1360830516 3.03906537521
513 119 32.7566787083 2.91785292825
516 119 33.1360830516 3.0379104196
521 120 33.5261092285 2.8480196004
523 120 33.1360830516 3.0366915981
528 121 34.1760149813 2.79563845039
531 122 32.9848450049 2.91360432693
534 122 33.1360830516 3.03783626752
538 123 33.5261092285 2.8480183062
541 123 33.3766385366 2.98433169795
545 124 33.2415402772 2.79472459773
549 125 32.9848450049 2.91358837719
551 125 33.1360830516 3.03783598914
556 126 34.1760149813 2.79565842378
558 126 33.3766385366 2.98341784561
562 127 33.1360830516 3.03905474328
566 128 33.2415402772 2.86549286513
569 128 34.1320963318 3.24643607434
573 129 32.14031736 3.03870276136
576 129 32.2800247831 2.84803342937
580 130 32.3882694814 2.9843319619
584 131 32.14031736 3.03907069762
587 131 32.3882694814 2.98766619123
591 132 32.14031736 3.0391288909
595 133 32.14031736 6.18161973804
599 134 32.7566787083 6.05699110883
602 134 32.3882694814 2.9830364454
606 135 32.14031736 6.18064074018
610 136 32.3882694814 6.12678719218
614 136 33.2415402772 5.93386105273
617 137 32.3882694814 6.1224800741
621 137 31.7804971641 6.05595892698
625 138 33.2415402772 5.9326248663
629 139 32.14031736 6.17481837614
633 140 32.7566787083 6.05687240268
637 140 33.2415402772 5.93264080946
641 141 32.14031736 6.1748186544
645 142 32.3882694814 6.12668557761
649 142 33.1360830516 6.1782053745
653 143 32.3882694814 6.12674468703
657 144 32.3882694814 6.1258465286
661 145 33.2415402772 6.02111109765
665 145 33.1360830516 6.17636275222
669 146 32.7566787083 6.05689935712
674 147 32.7566787083 6.05481432754
678 147 31.7804971641 6.05477793691
682 148 32.7566787083 2.91318464819
687 149 32.14031736 3.03782894274
691 149 32.2800247831 2.84801817836
695 150 32.3882694814 2.98433169572
700 151 32.14031736 3.03907069297
705 151 33.6154726279 2.76077338839
709 152 32.5729949498 2.8257293542
714 153 32.9848450049 2.89667621975
718 154 32.2490309932 3.02008752379
721 154 33.2415402772 3.24913426014
726 155 31.5753068077 2.96893668351
731 156 32.2800247831 2.86426907412
736 157 34.6698716467 2.56573630688
739 158 33.2415402772 3.01431153269
744 159 34.0147027034 2.70798138196
748 161 34.9284983931 2.73754149727
751 162 34.1760149813 2.79041729617
755 163 35.3553390593 2.63426052028
758 164 34.205262753 2.89333445819
763 165 36.3593179254 2.60115017857
766 166 36.6742416418 2.70077035599
770 168 36.6742416418 2.70250905609
773 170 36.3593179254 2.59781964701
776 172 35.8050275799 2.52617930205
779 174 35.8050275799 2.52492894215
781 177 34.4818792991 2.62962687437
784 179 32.2024843762 2.70126736809
787 180 34.4093010682 2.52798480538
790 183 34.8281495345 2.24570777381
792 185 33.9705755029 2.31059428029
795 188 34.4093010682 2.20700700834
796 190 34.8281495345 2.25755894694
798 192 35.0 2.50278734
801 195 34.0587727319 2.26272128759
803 197 34.0587727319 2.25853134456
805 199 35.3553390593 2.06647199854
806 201 35.3553390593 2.35982590343
809 204 35.6089876295 2.48711894258
811 206 35.3836120259 2.40207416263
813 208 35.0 2.20860363349
815 211 35.3836120259 2.39721315347
817 212 36.235341864 2.26087867043
818 216 32.7566787083 2.10141955214
819 219 32.0156211872 2.25571609819
823 220 37.1214223865 2.03151627818
824 222 36.7695526217 2.35921581102
825 225 34.6698716467 2.13804244406
827 229 34.0 2.06436907051
828 231 33.2866339542 2.13289639765
829 233 33.0151480384 2.1864523027
831 235 33.4215499341 2.23974690713
834 239 34.5398320783 1.96142439314
834 239 36.1247837364 2.28817930676
836 244 33.1058907145 1.99717628301
837 247 33.2415402772 1.93973744456
839 251 32.9848450049 1.81656190007
839 253 32.2800247831 1.8493186663
840 260 33.2415402772 1.44846465176
840 262 32.3882694814 1.42401513687
839 265 31.4006369362 1.42358841233
839 269 31.0483493925 1.31886120947
838 271 31.2569992162 1.4392064226
838 274 31.4006369362 1.42385355029
837 278 29.7321374946 1.24905266692
835 282 31.4006369362 0.914389258087
834 284 31.7804971641 1.17034766752
833 287 30.6757233004 1.24462815459
832 290 31.384709653 1.03648508342
831 292 31.7804971641 1.34701156687
830 296 31.7647603485 1.0731785961
828 299 32.3109888428 4.33216501039
827 301 32.7566787083 4.17466302736
825 306 32.0156211872 4.46862007201
824 309 32.9848450049 4.4737505903
823 311 32.6955654485 4.31676050206
822 315 31.9530906173 4.38383367821
821 318 32.2490309932 4.21047140077
819 321 33.2415402772 4.43433846099
818 325 32.6955654485 4.31607263064
816 328 33.6154726279 4.3140085025
815 331 33.6154726279 4.31397247667
814 335 33.8378486314 4.38378501798
813 338 34.0 4.24537713653
811 342 34.9284983931 4.31277463337
809 345 35.1140997322 4.38376411167
808 348 34.7850542619 4.40245640432
807 351 35.5105618091 4.14098325858
806 355 34.0 4.2411394464
804 359 34.9284983931 4.31270067172
803 362 34.5398320783 4.33140294324
802 365 34.9857113691 4.17464972677
799 369 36.1386219992 4.46861983987
798 372 36.2491379208 4.28176436853
797 376 34.885527085 4.24359654029
795 379 35.4682957019 4.33019684862
794 382 35.4682957019 4.33170830913
793 385 35.3411940941 4.27937481153
792 389 34.5398320783 4.33082129725
790 392 35.3553390593 4.20954616018
789 396 35.4400902933 4.43432231249
788 398 35.3411940941 4.28116576375
786 402 35.902646142 4.48793218795
785 404 36.2491379208 4.29955472511
784 407 36.235341864 4.24390704059
783 411 35.4400902933 4.43492202299
781 414 36.1386219992 4.45570915587
782 417 35.0142828 1.57627869399
781 421 33.2415402772 1.46115249778
781 424 32.2490309932 1.4591431666
780 426 31.5753068077 1.38929492707
778 430 30.4138126515 1.09136987248
777 432 30.3644529014 1.27815631707
776 435 30.0166620396 1.05452355277
774 439 30.8058436015 0.928447377074
772 442 32.5269119346 0.786620592541
769 446 35.3553390593 0.504892567864
769 445 34.885527085 1.09338743192
767 448 33.8378486314 0.981485557286
766 450 34.4818792991 1.04934567121
763 454 33.941125497 0.788730665834
763 454 35.3411940941 1.15070121883
759 458 33.3016516107 0.860312823934
757 460 33.6005952328 0.628351787575
754 462 33.2415402772 0.781382936433
750 464 32.6496554346 0.46989456848
747 466 32.3109888428 0.359738315758
742 468 32.7566787083 0.218189386297
741 468 32.8937684068 0.320438646545
736 469 33.0151480384 0.00806396743461
734 470 33.2415402772 0.264411388583
732 471 33.5410196625 0.460871712831
728 471 31.5753068077 0.185047912019
724 472 32.0624390838 6.20161979792
721 472 32.2490309932 6.16205993085
718 472 33.2415402772 0.366876364296
714 472 31.4006369362 0.148500798666
711 473 32.0624390838 6.21843522298
708 473 32.0156211872 3.19529368699
704 473 32.0156211872 3.14252991343
701 473 32.3882694814 3.29868864454
697 473 34.5398320783 3.51085363879
695 473 33.0151480384 3.14803747358
691 473 33.0151480384 3.14170513692
688 473 33.0151480384 3.14159461679
685 474 32.0156211872 3.14159268785
682 474 32.0156211872 3.14159265419
677 474 33.2415402772 3.42084533392
675 474 33.0151480384 3.14646653231
672 474 33.0151480384 3.14167771882
669 474 33.0151480384 3.14159413826
666 474 33.0151480384 3.1415926795
662 474 33.0151480384 3.14159265404
658 475 32.7566787083 3.35103216384
656 475 33.0151480384 3.14524806263
653 475 33.0151480384 3.14165645251
650 475 33.0151480384 3.14159376709
647 475 33.0151480384 3.14159267302
644 475 33.0151480384 3.14159265393
641 475 33.0151480384 3.1415926536
637 476 33.5261092285 3.43829862643
635 476 33.0151480384 3.14677114973
632 476 33.0151480384 3.1416830354
629 476 33.0151480384 3.14159423105
626 476 33.0151480384 3.14159268112
622 476 33.0151480384 3.14159265407
618 477 33.2415402772 3.42084533392
616 477 33.0151480384 3.14646653231
613 477 33.0151480384 3.14167771882
610 477 33.0151480384 3.14159413826
607 477 33.0151480384 3.1415926795
604 477 33.0151480384 3.14159265404
601 477 33.1360830516 3.2288591162
597 477 35.1140997322 3.47472829857
595 478 34.0147027034 3.14740696745
592 478 34.0147027034 3.14169413251
589 478 33.0151480384 3.14159442473
585 478 33.0151480384 3.1415926845
582 478 33.0151480384 3.14159265413
579 478 33.0151480384 3.1415926536
576 478 33.9558536927 3.36848545635
573 479 34.0147027034 3.14555268005
570 479 34.0147027034 3.14166176909
567 479 33.0151480384 3.14159385988
564 479 33.0151480384 3.14159267464
561 479 33.0151480384 3.14159265396
559 479 33.1360830516 3.21140582368
556 480 34.1320963318 6.17968402174
553 480 34.1320963318 6.17913037185
550 480 34.1320963318 6.17912070884
548 480 34.1320963318 6.17912054019
545 480 34.2344855372 6.17912053724
542 480 34.2344855372 6.17912053719
540 480 34.2344855372 6.16166724467
537 480 34.2344855372 6.16136262725
535 480 34.2344855372 6.16135731067
533 480 34.2344855372 6.16135721788
528 479 34.7850542619 5.98682429106
532 480 37.1214223865 0.468537680534
529 480 34.4818792991 0.289901463516
524 480 32.0156211872 0.00753099304648
520 479 30.4138126515 6.09380178809
518 478 29.6141857899 6.07291168898
512 477 30.0166620396 5.77584111514
505 471 32.6496554346 5.17724430983
502 469 35.1140997322 5.04462377705
497 459 44.72135955 4.5187103365
497 459 44.72135955 4.54443800042
503 466 36.0693775937 5.48736482894
501 464 35.6089876295 5.38164895906
500 463 36.0693775937 5.48452362418
497 459 35.77708764 5.17215986045
494 454 37.483329628 4.87000211147
497 459 36.7695526217 5.4930469946
494 454 35.77708764 5.17230862132
493 454 37.0135110466 5.37615019091
492 450 34.4383507154 5.17026838721
491 449 34.885527085 5.18412836439
490 444 34.5253530033 4.88766429379
489 439 36.2215405525 4.5857840468
490 444 35.77708764 5.17392718822
489 439 34.5253530033 4.87003295716
488 434 36.2215405525 4.58547632193
488 433 36.4965751818 4.56305657921
488 431 36.4965751818 4.56266528089
488 430 36.4965751818 4.56265845144
488 428 36.4965751818 4.56265833225
488 426 36.4965751818 4.56265833016
488 425 35.5105618091 4.56265833013
488 423 35.5105618091 4.56265833013
488 422 35.5105618091 4.56265833013
488 420 35.5105618091 4.56265833013
489 418 34.3656805549 4.56265833013
489 415 34.7850542619 4.38812540493
490 412 35.8468966579 4.19309301301
491 412 34.9284983931 4.29440881074
491 411 35.1710107901 4.45325673768
491 408 36.2491379208 4.29894952433
493 407 34.4818792991 4.19153660028
494 405 33.6154726279 4.1896618911
496 403 32.6496554346 4.01509624605
494 404 34.4818792991 4.43092852126
497 401 31.7647603485 4.22874665336
499 399 29.8328677804 4.03323169636
501 397 29.6984848098 3.9250995615
502 396 29.6984848098 3.92321229972
503 395 29.6984848098 3.92317936079
504 394 29.6984848098 3.9231787859
505 393 29.6984848098 3.92317877586
508 392 28.4253408071 3.81845902057
509 391 28.4253408071 3.81663131605
510 390 28.4253408071 3.81659941659
514 387 28.7923600978 3.46753300944
513 388 28.2842712475 3.93267954936
516 386 27.7848879789 3.67899850019
517 385 28.3019433962 3.69202422315
522 382 29.4278779391 3.30827912947
521 383 29.5296461205 3.61574077945
525 381 29.4278779391 3.30694773221
525 382 29.5296461205 3.61571754219
529 380 29.4278779391 3.28949403412
532 379 31.0161248385 3.14417401965
532 380 30.4630924235 3.54306343489
537 378 32.0156211872 3.14859964057
539 378 32.0156211872 3.14171494858
541 378 32.0156211872 3.14159478804
544 377 33.0151480384 3.14159269084
546 377 33.0151480384 3.14159265424
548 377 33.0151480384 3.1415926536
551 377 33.0151480384 3.14159265359
554 377 33.0 3.14159265359
557 377 33.0 3.14159265359
560 377 33.0 3.14159265359
562 378 32.2490309932 3.01941960595
565 378 33.8378486314 2.81279028978
566 378 33.2415402772 3.24551624088
569 378 33.0151480384 3.14340646236
573 379 32.2490309932 3.01945126289
575 379 32.5576411922 2.96987047497
578 379 33.6154726279 2.75956561674
580 380 32.3882694814 2.98278790729
583 381 31.9530906173 2.7946976535
585 382 31.9530906173 5.93300751287
588 382 31.4006369362 6.12246517702
591 382 31.1448230048 6.17813171462
593 382 31.1448230048 6.17910327898
596 383 32.0156211872 0.000654683917549
599 383 32.3882694814 6.12858835889
602 383 33.2415402772 5.93389248902
604 384 32.9848450049 6.05266745269
607 384 33.2415402772 5.91511412672
610 385 32.5576411922 6.12215287852
612 385 33.6154726279 5.88142029114
615 386 32.9848450049 6.05175164007
618 386 33.2415402772 6.17689753057
620 387 33.2415402772 6.00454881321
624 387 32.2490309932 6.15862039331
626 387 33.2415402772 6.16130944966
629 388 32.5576411922 6.10899650499
632 388 32.2490309932 6.16044334942
634 388 32.2800247831 6.00426163357
637 389 32.2490309932 6.15861538108
640 389 32.2490309932 6.16130936218
643 389 32.2490309932 6.16135638102
646 389 33.2415402772 6.16135720166
648 389 33.2415402772 6.16135721598
651 389 33.2415402772 6.16135721623
654 389 33.2415402772 6.16135721623
656 389 33.2415402772 6.16135721623
659 390 34.2344855372 6.16135721623
662 390 34.2344855372 6.16135721623
663 390 34.3656805549 6.14390392371
666 390 34.3656805549 6.14359930629
669 390 34.1320963318 6.17850057476
673 389 33.2415402772 0.122817212384
679 389 35.77708764 0.475853720774
677 389 34.0147027034 0.0107764721872
681 388 34.205262753 0.247005438202
685 387 34.5398320783 0.373301459088
685 387 34.3656805549 0.131159645205
690 385 34.0147027034 0.406186153615
696 383 36.7695526217 0.777505414636
695 383 34.9284983931 0.417467015398
697 382 34.9284983931 0.411183159898
702 378 34.6554469023 0.777592628848
703 377 34.8281495345 0.679267925372
705 375 35.3553390593 0.78227159068
707 373 35.3553390593 0.784069343781
709 371 34.0587727319 0.888820475612
710 369 35.3553390593 0.785928972638
712 365 33.1209903234 1.08083914998
714 362 33.8378486314 0.98126654845
715 360 33.8378486314 0.979528678709
716 358 33.8378486314 0.97949834716
717 354 31.6227766017 1.24129720557
718 350 32.5576411922 1.40294609031
718 350 33.1058907145 1.14396800778
719 344 32.3882694814 1.41870066787
719 342 32.3882694814 1.42349565735
719 339 32.3882694814 1.42357934571
719 337 32.3882694814 1.42358080634
719 334 33.3766385366 1.42358083184
719 332 33.3766385366 1.42358083228
720 329 34.0147027034 1.58066046497
717 324 30.083217913 1.93246787215
718 324 32.2490309932 1.69426197445
717 320 33.2415402772 1.93445059252
715 319 31.2569992162 1.69429657945
716 315 34.1760149813 1.93445119649
715 310 37.2021504755 2.20044207307
714 307 39.0512483795 2.27489765973
713 304 42.4264068712 2.36346361746
712 303 42.5205832509 2.29519621495
711 303 41.3400532172 2.13692509133
710 298 44.687805943 2.27378907927
709 294 48.795491595 2.36344426908
708 294 47.5078940809 2.27774258474
706 292 47.5078940809 2.27624680817
698 291 38.5875627631 2.60783325982
696 290 38.5875627631 2.59616724264
692 290 35.77708764 2.66577680231
688 289 34.5398320783 2.77171147344
685 288 33.2415402772 2.77356038224
682 287 33.2415402772 2.77359265179
679 287 32.3109888428 2.773593215
676 286 32.6496554346 2.66887346971
671 286 30.2654919008 2.99865832324
669 285 31.7804971641 2.72516147444
664 285 30.2654919008 3.01709402677
660 284 30.3644529014 2.8476562858
657 284 30.2654919008 3.00177867202
652 283 31.2569992162 3.24881471039
649 283 30.8058436015 2.91657122875
644 282 31.2569992162 3.24732755996
640 282 32.0156211872 3.14343807584
637 281 31.2569992162 3.01945181464
633 281 31.6227766017 2.81279085192
629 280 31.2569992162 3.01862344793
624 280 31.1448230048 3.2491087072
620 280 30.4138126515 2.98638953004
616 279 31.1448230048 3.2485461192
611 279 31.3209195267 2.84675337087
607 279 30.8058436015 6.05608910418
603 278 31.7804971641 6.05480018596
599 277 31.1448230048 6.17695073773
595 277 31.1448230048 6.17908266705
591 277 30.4138126515 6.10930670615
587 276 31.1448230048 6.17790205598
583 276 30.2654919008 6.16164597816
578 275 31.7804971641 5.88210957576
575 275 32.3109888428 5.9121373302
572 274 31.1448230048 6.17446080118
568 274 31.0483493925 6.03941286929
564 273 31.1448230048 6.1766821784
561 273 31.2569992162 6.16162468728
557 273 31.6227766017 5.95192237424
554 272 31.1448230048 6.17515518119
550 272 31.6227766017 5.96961181843
547 271 31.1448230048 6.17546392024
543 271 31.0483493925 6.03943037703
540 270 31.1448230048 6.17668248396
537 270 31.2569992162 6.16162469261
533 270 31.2569992162 6.16136188458
530 270 31.0483493925 6.03918425007
527 269 31.1448230048 6.17667818824
524 269 31.3209195267 6.00454498496
521 268 30.8058436015 2.91230791778
518 267 31.1448230048 3.03781364091
515 267 31.1448230048 3.24944363925
512 267 31.0161248385 3.14347500839
509 267 31.0161248385 3.14162550688
506 267 32.14031736 3.22885968959
502 266 35.7351367704 3.43982172354
500 267 34.0147027034 3.14679773279
498 266 36.4965751818 3.29876313204
493 265 39.9249295554 3.51085493884
492 266 37.0135110466 3.14803749627
490 266 38.4707681233 3.29878476999
484 265 42.5440947724 3.54576190154
483 266 42.3792402008 3.46280600306
480 266 44.2718872424 3.4613581495
475 266 47.8852795753 3.63586580489
476 267 45.607017004 3.39456544276
470 266 51.0 3.63470005224
465 267 54.8178802947 3.81342411702
467 268 52.0 3.53729076008
462 271 50.8035431835 3.75936412659
461 274 48.4148737476 3.81559991558
459 278 45.343136195 3.86894129281
457 280 45.343136195 3.86987227547
456 283 42.4264068712 3.92224840174
455 284 41.7731971484 3.87080266004
453 287 40.3608721412 3.86990476246
452 291 37.2021504755 4.07932860143
450 292 38.1837661841 3.92590410427
449 296 36.0555127546 4.11521255936
447 299 35.2278299076 4.11851661521
446 300 35.3553390593 3.92658806414
445 303 33.8378486314 4.11522449671
443 306 33.0151480384 4.11851682355
441 308 34.4383507154 4.27565391817
440 311 33.9705755029 3.98169050501
438 314 33.6154726279 4.18599938581
437 316 34.0587727319 4.01503232327
435 319 33.3016516107 3.97714180008
434 321 32.7566787083 4.18591999593
432 324 33.3016516107 3.98012435262
430 327 33.3016516107 3.97653254106
429 329 33.2866339542 4.1335494848
427 331 33.4215499341 4.03157019233
425 335 33.1058907145 4.27413641319
424 336 33.4215499341 4.03402389711
421 340 33.6154726279 4.30908582345
420 341 33.9705755029 3.98227400184
418 345 33.1209903234 4.20346286227
417 348 33.1058907145 4.27713650624
415 349 33.9705755029 3.98171638106
414 352 32.8024389337 4.04637349728
412 355 32.7566787083 4.16967502448
410 358 33.1209903234 4.20673362714
409 360 32.8024389337 4.05030078909
407 362 32.5269119346 3.92539747337
406 366 30.5286750449 4.16756359454
404 368 30.4795013083 3.9972572655
402 370 31.7647603485 4.2386309546
400 373 32.0156211872 4.05085750248
398 376 32.0156211872 4.04758023749
396 379 32.2024843762 4.27441584119
395 381 32.0156211872 4.05148206657
393 384 32.0156211872 4.04759113819
391 387 32.2024843762 4.27441603144
389 389 33.0151480384 4.10384194745
388 392 32.0156211872 4.03105169799
386 395 32.6955654485 4.30903394879
384 398 31.9061122671 4.13935272913
383 400 32.7566787083 4.17129781821
381 404 32.2490309932 4.20676195023
379 407 32.2490309932 4.2073809161
377 409 32.7566787083 4.15503184154
375 412 33.2866339542 4.15411817782
373 415 32.6496554346 0.872883237636
371 418 32.6496554346 0.872917277961
370 420 32.2024843762 0.942731042157
368 423 33.0151480384 0.961402814725
366 426 33.0151480384 0.961728698634
364 429 32.4499614792 0.979187678901
361 432 32.5269119346 0.787506177871
359 434 32.5269119346 0.784160704563
357 437 33.3016516107 0.714289144959
355 439 32.6496554346 0.87014928887
352 442 32.6496554346 0.698336636354
350 445 33.4215499341 0.677884647351
348 446 32.5269119346 0.782247447924
345 449 32.8024389337 0.644442582251
340 452 32.6496554346 0.467504508421
335 455 33.2415402772 0.254976846221
329 457 34.0147027034 0.00692144348468
330 457 31.9530906173 0.334204617858
323 459 33.0151480384 0.00830422895878
319 460 33.0151480384 0.00261619413895
313 461 34.7131099154 6.07626271614
329 457 41.1825205639 1.06351062121
310 463 30.0166620396 0.00357972745184
302 463 31.3209195267 5.98901307037
299 463 31.3209195267 5.98381631824
287 460 41.400483089 5.35540708709
295 461 33.5410196625 6.11238414783
289 460 32.8937684068 5.93360967219
288 460 33.5410196625 6.12247568669
282 459 33.5410196625 5.81161275513
279 458 32.8937684068 5.92836022109
278 458 32.2490309932 6.15729065152
274 457 32.2490309932 6.16128624129
269 455 31.0161248385 5.91700988221
266 454 30.083217913 6.0349195031
262 453 29.4278779391 6.1242438768
258 453 31.2569992162 6.16070946626
254 452 29.4108823397 5.96935969314
250 451 30.083217913 2.77206747843
245 450 30.1496268634 3.0353659835
241 449 31.1448230048 3.24940091957
237 449 32.3882694814 3.28310060295
233 449 32.7566787083 2.91716963046
230 448 32.9848450049 2.91572544616
225 447 32.9848450049 2.91570024039
221 446 33.2415402772 2.77607346031
217 445 33.2415402772 2.77363651327
213 444 33.2415402772 3.03539336832
209 444 32.5576411922 2.9701487172
204 443 32.5576411922 2.96900998322
200 442 32.9848450049 2.89917693848
196 441 32.5729949498 2.82814495185
192 440 32.8937684068 2.80945191729
188 439 33.2415402772 3.01856517253
183 438 33.6154726279 2.74296220702
179 438 32.2490309932 3.03485800068
175 437 32.5576411922 2.97013937327
171 436 32.9848450049 2.89919665006
167 435 32.9848450049 2.89795846596
162 434 32.8937684068 2.81067039297
158 433 32.8937684068 2.8091469287
154 432 33.6154726279 2.73930716915
150 432 32.2490309932 3.03479420824
146 431 32.5576411922 2.97013825989
141 430 32.5576411922 2.96900980071
137 429 32.0156211872 2.8991769353
133 428 32.5729949498 2.82814495179
129 427 33.2415402772 2.77454533225
125 427 32.6955654485 2.73870325737
121 426 32.6955654485 2.73807769515
116 425 32.2490309932 3.03477274987
112 424 32.5576411922 2.97013788537
108 423 32.5576411922 2.96900979417
103 422 33.2415402772 3.24824278558
100 422 32.3109888428 2.7594816141
96 421 32.6955654485 2.73844034589
93 420 32.5576411922 2.98241920176
89 419 32.0156211872 2.8994109735
85 418 32.0156211872 2.89796220661
82 418 32.3109888428 2.77576387322
78 417 32.3109888428 2.77363110996
74 416 31.4006369362 2.98303339646
70 415 31.7804971641 2.91687498574
68 415 32.3109888428 2.77609396348
64 414 32.3882694814 2.98307638136
61 414 32.14031736 6.1806414372
58 413 31.7804971641 6.05697403426
55 413 32.14031736 6.17698867854
52 412 31.6227766017 5.969643819
49 411 31.5753068077 6.10565130867
46 411 32.3109888428 5.91603886945
43 410 31.3209195267 5.98254267817
39 409 33.2866339542 5.7219040008
36 408 34.4093010682 5.64754182764
33 406 35.2278299076 5.68115054792
27 405 41.0121933088 5.48975091302
25 396 34.4818792991 4.99771816865
25 392 33.2415402772 4.97167728471
24 386 33.2415402772 4.58725035011
24 382 33.7342555869 4.52818095681
25 379 34.2344855372 4.59696317149
25 375 33.2415402772 4.5981636476
25 371 33.1360830516 4.61563789238
27 369 34.9857113691 1.0380179089
27 364 31.384709653 1.18995868704
29 360 31.9530906173 1.24497043145
30 358 31.7647603485 1.08885093484
31 353 31.384709653 1.19084589071
31 352 34.205262753 0.913373358196
35 344 35.6931365951 1.36231615444
40 337 45.0111097397 1.57959119462
38 336 43.7378554573 1.39139714174
41 332 48.6621002424 1.4055658284
42 329 50.8035431835 1.40581311864
46 326 59.3043000127 1.45817731223
78 307 40.3112887415 3.26344228776
81 307 39.0128184063 3.1437193309
83 306 40.2616442784 3.38597586639
86 307 37.1214223865 3.21567111537
89 308 36.0138862107 3.14288556665
92 308 36.0138862107 3.14161521918
94 308 35.0142828 3.14159304743
98 309 34.2344855372 3.03687290534
101 309 33.9558536927 2.90036136992
103 310 34.5398320783 2.77580574652
106 310 33.2415402772 3.01797793606
108 311 32.9848450049 2.90003159049
111 311 33.2415402772 3.02014608606
114 312 33.5261092285 2.83025626177
116 312 33.9558536927 2.8967552292
119 313 34.2344855372 3.03754219529
121 313 33.9558536927 2.90037305123
124 314 34.4383507154 2.70599278031
126 315 34.5398320783 2.77241337466
129 316 34.5398320783 2.77357263273
132 316 34.4818792991 2.8608593282
134 317 34.5253530033 2.98455581607
137 317 35.1140997322 2.79472850933
139 318 34.5253530033 2.98340161554
142 318 35.1140997322 2.79470836473
144 319 34.9284983931 2.91358809387
146 320 34.3656805549 2.98547610664
149 320 34.7850542619 2.81219786395
151 321 34.3656805549 2.9837065133
154 321 34.7850542619 2.81216697872
157 322 34.205262753 2.87898621913
160 322 35.8468966579 2.75797938724
162 323 34.7850542619 2.80822729716
164 324 34.3656805549 3.00109050635
167 325 35.1710107901 6.02387621031
170 325 35.1710107901 2.89519201879
172 326 34.7131099154 6.09184110311
175 326 35.1710107901 2.89637822995
178 327 35.8468966579 5.89987558868
180 328 35.1710107901 6.01716716074
183 328 35.2278299076 6.17629391754
185 329 36.2215405525 6.17907120337
188 329 36.1247837364 6.17911967615
191 329 36.1386219992 6.02204088948
193 330 36.7695526217 5.89712629983
196 330 35.902646142 6.06947905416
199 331 37.0 5.95031412956
201 331 35.902646142 6.07040735691
204 332 37.2155881319 6.17722313425
207 333 36.8781778292 6.05691437362
208 333 37.3363094052 5.93264154199
212 334 36.4965751818 6.12245878963
215 335 36.8781778292 6.0559585555
218 334 35.2278299076 6.1769709551
219 335 37.0 5.96964350967
223 334 33.2415402772 6.17546447335
225 335 33.2415402772 6.00452380164
228 335 32.2490309932 6.15861995677
231 334 31.2569992162 6.16130944204
233 334 31.2569992162 6.16135638242
236 334 31.2569992162 6.16135720168
239 334 31.2569992162 6.16135721598
241 334 31.2569992162 6.16135721623
244 334 30.2654919008 6.16135721623
246 334 30.0166620396 0.000344956693345
250 334 31.0483493925 0.264276666431
251 333 31.1448230048 0.0943502185669
255 333 32.5729949498 0.300823952805
257 332 32.2800247831 0.269521014246
260 332 33.5410196625 0.460960892622
263 330 34.205262753 0.656288366539
264 330 34.4818792991 0.502617841399
267 328 34.885527085 0.465029199732
269 327 34.885527085 0.464373154174
272 325 34.8281495345 0.673801214258
274 324 35.3836120259 0.729816301012
275 322 35.3553390593 0.783153826267
276 321 35.3553390593 0.784084741697
278 319 35.3553390593 0.784100989237
279 319 35.4682957019 0.365222252331
281 318 34.4818792991 0.497537779365
283 316 33.4215499341 0.674380046163
285 314 32.5576411922 0.729826403535
287 311 31.6227766017 0.957686927788
288 310 32.2490309932 1.06638359929
289 307 31.9530906173 1.24281363929
290 305 32.5576411922 1.40297255707
291 303 34.2344855372 1.45812773507
291 301 34.1760149813 1.21474427925
291 299 33.9558536927 1.35012277676
292 297 34.1760149813 1.21285923712
292 295 33.9558536927 1.35008987657
293 293 34.2344855372 1.45720475818
293 291 35.2278299076 1.45907426554
294 289 35.4400902933 1.2845739694
294 287 34.5253530033 1.40370141233
294 285 34.2344855372 1.458140456
294 283 35.2278299076 1.45909059655
294 281 34.2344855372 1.45910717963
294 279 34.2344855372 1.45910746906
294 277 34.0587727319 1.49401405915
293 274 32.14031736 1.66915621928
292 271 32.2800247831 1.84674595183
292 270 32.2490309932 1.67531255218
291 267 31.3209195267 1.86430669263
290 265 31.7804971641 1.78033880005
289 262 30.8706980809 1.9883127941
288 259 31.7647603485 2.04430250261
287 257 31.7647603485 2.04527970737
286 256 32.3109888428 1.94057700769
284 253 31.7804971641 1.97365618589
282 249 32.6496554346 2.2709394993
282 249 32.6955654485 1.97942209909
278 244 32.6496554346 2.27104013347
279 244 32.8937684068 1.89215739289
275 240 30.8058436015 2.19970390695
269 235 29.5465734054 2.72867038182
264 233 31.4006369362 2.98224868372
259 231 35.1283361405 3.2484738478
260 232 33.6154726279 2.7594856469
261 231 35.0 2.21484164067
257 229 32.5269119346 2.36241544219
252 227 29.5465734054 2.71405694132
249 226 30.2324329157 2.54566131807
246 225 30.083217913 2.78706835527
243 223 31.2569992162 3.01817450567
239 221 35.2278299076 3.24910087168
236 224 35.3411940941 5.84872936656
233 221 34.8281495345 5.59739547028
230 220 33.5410196625 5.81990166903
227 218 34.8281495345 5.59689233205
225 217 34.0147027034 5.85479947265
222 216 33.6154726279 5.87675409394
219 215 33.1058907145 5.85968398185
215 213 34.0587727319 5.58013337187
213 212 33.5410196625 5.81960038858
209 209 33.941125497 5.49216731859
207 208 33.6154726279 5.76570521376
203 205 33.941125497 5.49122667034
201 204 33.4215499341 5.59115587115
198 200 33.4215499341 5.38346045448
194 196 34.4383507154 5.17039597538
194 195 33.4215499341 5.37611680894
192 193 33.4215499341 5.37970731483
191 190 30.61045573 5.37976998098
190 189 31.1126983722 5.50194412235
185 183 33.8378486314 5.03283756534
183 181 33.6154726279 5.09446328146
183 180 32.7566787083 5.25261848578
180 176 33.6154726279 5.09829918215
179 172 32.8937684068 5.04324592464
179 173 34.205262753 5.39135091443
178 169 32.7566787083 5.25780015249
176 164 31.5753068077 4.88895010906
175 161 31.5753068077 4.88251246135
174 158 31.5753068077 4.8824001032
174 157 31.9530906173 5.03947777486
172 150 33.2415402772 4.5884336919
172 149 31.4006369362 4.8598141679
172 148 31.3209195267 4.98672369837
171 145 31.3209195267 4.98893868753
170 141 31.0161248385 4.72717795858
170 137 32.3882694814 4.56552973933
170 138 31.0483493925 4.96413417363
169 132 32.14031736 4.6045719905
169 130 32.3882694814 4.58084315402
168 127 33.3766385366 4.5804290077
169 128 31.6227766017 5.034207385
168 125 31.2569992162 4.83268780152
167 121 33.2415402772 4.584824526
167 118 33.3766385366 4.58049849575
167 116 33.3766385366 4.58042299228
167 113 35.7351367704 4.40588874929
167 113 35.2278299076 4.59482876982
167 111 35.2278299076 4.59812639526
167 108 35.3553390593 4.58073065716
166 106 37.6563407675 4.5280671667
166 104 38.6005181312 4.42242826027
167 103 38.3275357935 4.59511743874
167 101 39.2937654088 4.45850509333
166 98 41.7851648316 4.35140100298
167 98 39.6232255123 4.54151790168
166 96 42.7200187266 4.42266301989
165 93 47.539457296 4.31586885575
164 88 53.0 4.15692531328
165 84 56.2227711875 4.04943147002
165 88 50.6951674225 4.32680802885
166 82 55.4707129934 4.12220965283
166 78 59.5482997238 3.99646568988
167 81 55.0726792521 4.20371055396
167 74 63.1268564083 3.99788814895
167 68 71.5891053164 3.85466953015
168 66 73.0 3.8521698937
169 66 71.4212853427 3.9219394369
169 65 72.124891681 3.92315714514
170 64 72.8354309385 3.92317839816
171 63 72.124891681 3.9231787691
185 66 51.4295634825 3.60901951021
181 64 59.0338885726 3.81297590701
191 66 45.3100430368 3.51982964482
194 65 44.0113621693 3.51471327736
196 65 43.0813184571 3.5146239799
200 66 38.8329756779 3.34008949617
199 65 41.2310562562 3.52902951249
201 64 41.1460812229 3.60214030794
209 66 34.0147027034 3.14963072652
211 66 34.0147027034 3.14173294443
213 66 33.0151480384 3.14159510213
215 66 33.0151480384 3.14159269632
217 66 33.0151480384 3.14159265434
221 67 31.5753068077 2.9670597284
226 68 34.0 2.65479680484
222 67 33.1360830516 3.24275873437
228 68 32.0156211872 2.88155894699
231 69 33.5410196625 2.67075782721
229 68 33.1360830516 3.24303730676
233 69 31.4006369362 3.00373685664
236 69 32.8937684068 2.79506328164
237 70 32.3882694814 3.00086075094
240 70 32.0156211872 2.89973283925
242 70 33.6154726279 2.75834148407
243 71 32.2490309932 3.01767312718
245 71 32.5576411922 2.95238614813
248 71 33.2415402772 2.77671375019
249 72 32.2490309932 3.01799378372
251 72 32.5576411922 2.96984503716
253 72 32.8937684068 2.81192505033
255 73 32.2490309932 3.01860833684
257 73 32.9848450049 2.90004259306
259 73 33.2415402772 2.77580018281
261 74 32.2490309932 3.01797783896
262 74 32.5576411922 2.96984475887
264 74 32.5729949498 2.82937833799
265 75 32.14031736 3.03636624669
267 75 32.3882694814 2.98761898965
269 75 32.0156211872 2.89950172692
271 75 33.2415402772 2.77579074291
271 76 32.14031736 3.03543096672
273 76 32.7566787083 2.91778949586
276 76 33.2415402772 2.79356321722
277 76 33.2415402772 3.03574115492
278 77 32.3882694814 2.98760807974
280 77 32.9848450049 2.91695482902
282 77 33.2415402772 2.79354864953
283 77 33.2415402772 3.03574090066
285 78 32.2490309932 3.02251466035
285 78 32.3882694814 2.98737723387
288 78 33.5261092285 2.84713762992
289 78 33.2415402772 2.77487681701
290 79 32.3882694814 2.98305513815
293 79 33.5261092285 2.84706219512
294 79 33.2415402772 2.79232879295
295 79 33.1360830516 3.24515912039
296 79 33.0151480384 3.14340022943
298 80 32.0156211872 3.14162420174
300 80 32.14031736 3.03687344909
301 80 32.3882694814 2.98762784201
304 81 31.6227766017 2.82968871134
306 81 33.1058907145 2.70475910585
307 81 33.1209903234 2.63276550282
308 82 32.7566787083 2.92821495025
310 83 33.2415402772 6.00515099939
312 82 33.1360830516 3.03449154237
314 83 32.7566787083 2.91777309981
315 83 32.2800247831 6.00496875472
317 84 32.3882694814 6.12372113763
319 84 32.2800247831 6.00362071006
321 85 32.3882694814 6.12369760981
323 85 33.1360830516 6.17815322463
325 85 33.1360830516 6.1791036544
327 86 33.2415402772 6.00458731733
329 86 33.3766385366 6.12371448029
331 86 33.1360830516 6.17815351907
333 87 33.2415402772 6.00457073434
335 87 33.5410196625 6.12371419086
337 87 33.1360830516 6.17815351402
337 88 36.7967389859 5.55078512873
340 89 34.4093010682 5.64455523991
342 89 33.1209903234 5.78581817725
345 89 29.7321374946 5.92791002077
347 90 30.5941170816 6.10492291648
349 91 32.2490309932 6.16037225189
351 91 32.2490309932 6.16134002536
352 91 32.2490309932 6.1613569162
354 91 32.0156211872 0.000344951456707
355 92 34.1320963318 0.0897437411402
357 91 32.2490309932 6.16504984131
358 91 33.2415402772 6.1614216647
359 92 34.2344855372 6.17881163359
360 91 33.2415402772 5.91731575801
361 92 33.5261092285 5.96511167156
362 92 33.9558536927 6.05321233022
