392.476616599 97.321047445 33.2238865513 2.9800274346
392.999670619 97.4392207675 33.2432615815 2.96821600402
393.952510574 97.6375001227 33.283416204 2.95163207983
395.208721762 97.8728639301 33.3409066832 2.93811889008
396.667801627 98.1307052399 33.4009076083 2.93076661977
398.273767766 98.4246025692 33.4413633449 2.92845323763
400.008593973 98.7663889377 33.4504514303 2.92963828028
401.880392097 99.1442919749 33.4415067653 2.93318955858
403.908034452 99.5321669393 33.4464957472 2.93640879744
406.107621321 99.9147836616 33.4894617237 2.93518594389
408.48089824 100.299522322 33.5625845541 2.92742852179
411.000434367 100.704642961 33.6286132936 2.9154453279
413.613201959 101.141024043 33.6521844685 2.90368791497
416.278833806 101.607319036 33.6304538603 2.89443488361
418.999505793 102.099072397 33.589843506 2.88679693224
421.795239052 102.61737468 33.5558116059 2.87961317343
424.656826852 103.166595426 33.5319242282 2.87416902664
427.540885769 103.743535188 33.506336476 2.8738074047
430.408648621 104.330898376 33.4711435082 2.8808702818
433.256238315 104.904891257 33.4337408227 2.89367043319
436.106902966 105.450025201 33.4140123454 2.90679091388
438.984396818 105.964801445 33.4343428053 2.91526358497
441.897558053 106.454106993 33.508998135 2.91905973945
444.841275899 106.920133934 33.6341469619 2.9238994938
447.803253128 107.36360102 33.7805520309 2.93695418443
450.773549779 107.794759656 33.8977465451 2.95921626539
453.756319215 108.23978387 33.9355965167 2.98125414376
456.771257139 108.728956909 33.8746364992 2.9892017749
459.836080553 109.274577334 33.7423817328 2.97714755197
462.944989152 109.861754775 33.5985296195 2.95273058239
466.066031237 110.457793419 33.5027891026 2.93019962485
469.162635173 111.026510042 33.4943253649 2.91953547049
472.222548197 111.542189769 33.5858975133 2.92185799555
475.265947226 112.004027244 33.7571573965 2.93280331776
478.320846704 112.438154864 33.9556169006 2.94877836213
481.392226315 112.879781755 34.1189405682 2.96947415833
484.46124067 113.353964808 34.1975519052 2.99413221152
487.514957466 113.871481155 34.1591788723 3.01653721174
490.571518155 114.43128046 33.9991311177 3.02654137151
493.667692232 115.019226007 33.7628716778 3.01866149563
496.819315368 115.61188627 33.5340436695 2.99821138223
500.003526 116.192810475 33.3752832183 2.97725641382
503.186469789 116.765497845 33.2871676672 2.96510534179
506.362823118 117.345144331 33.2338724268 2.96270545703
509.563241688 117.937783701 33.1957955643 2.96428396398
512.828372961 118.532549236 33.1851303881 2.96311440683
516.179012291 119.116308723 33.2178279902 2.95618731555
519.604042043 119.690895647 33.2842343532 2.94500839589
523.068332572 120.270175736 33.3506225961 2.93362366631
526.531822161 120.861561858 33.3852491664 2.92590815806
529.969039407 121.456393947 33.3814701709 2.9229332483
533.380214856 122.041637517 33.3561767242 2.92204656653
536.784895611 122.617133805 33.3286455253 2.91962193605
540.199482131 123.195507811 33.3074423569 2.91524939882
543.619408232 123.785423016 33.2984055503 2.91222367925
547.024215112 124.380255105 33.3119025792 2.91392978078
550.399594767 124.966969592 33.3502655537 2.92118417945
553.753026998 125.543371963 33.3936885434 2.93341501601
557.109328899 126.120839887 33.4104435657 2.9505478042
560.49319579 126.709284174 33.3786402891 2.97187239372
563.913716034 127.304136224 33.2893254027 2.99347135816
567.363876535 127.892498746 33.1379859263 3.00847142281
570.834710232 128.470757793 32.9324180116 3.01179085236
574.32708528 129.051345266 32.7073390555 3.00548524259
577.848265391 129.651792658 32.512458735 2.99783757411
581.402244738 130.281877658 32.3804859819 2.99576271576
584.988661747 130.943453926 32.313416485 2.99902755979
588.60626541 131.635531751 32.2960760871 3.00233438919
592.249237589 132.350816638 32.3116350826 3.00132189237
595.903644545 133.070907759 32.3447891787 2.99563458395
599.557122149 133.774367847 32.3830149904 2.98709263533
603.209850529 134.4492543 32.4219813686 2.97622070568
606.867768579 135.093096131 32.4625083516 2.96188719954
610.529900554 135.707191795 32.4983815946 2.94448476176
614.194599514 136.300929988 32.5177245445 2.9276130516
617.875983607 136.898734171 32.5218164037 2.91552616561
621.600864357 137.530494518 32.5302513732 2.90998392744
625.386332597 138.208159386 32.5591643851 2.91002194028
629.226722586 138.914484544 32.6019143356 2.91399091143
633.102277209 139.619557627 32.6360277233 2.92190627988
636.99438293 140.306765418 32.6459519559 2.93528576432
640.892382224 140.980040371 32.6379517017 2.95339965684
644.792252909 141.653713075 32.6329541863 2.97076466129
648.693907393 142.342517192 32.6478544865 2.98052946077
652.601130323 143.053103243 32.687110454 2.98007808292
656.524208122 143.776014993 32.7426255621 2.97230091333
660.481964936 144.490713208 32.7898249734 2.96196510565
664.496902284 145.183160935 32.7931442483 2.95197903925
668.582150887 145.854246847 32.7318824585 2.94329675351
672.731375345 146.512294575 32.6215587473 2.93701170038
676.924456319 147.164513125 32.5036012081 2.93464994364
681.143760893 147.815045654 32.4156632244 2.93618534498
685.385131822 148.46543765 32.3755792819 2.93900078828
689.658644577 149.116476194 32.387860426 2.93920075073
693.980400096 149.770786469 32.4512825186 2.93374450363
698.354012558 150.43390155 32.5518567792 2.92299797993
702.752540704 151.113954832 32.6553561331 2.91321659485
707.122965466 151.817436339 32.7208529674 2.9146551725
711.418134222 152.541670378 32.728616964 2.93258186081
715.633852824 153.276704392 32.6962753676 2.95846686329
719.818288057 154.021826174 32.6738801607 2.97261484125
724.03514471 154.797189195 32.7247617848 2.95904451825
728.30507752 155.633738873 32.893785761 2.91901931375
732.582701596 156.554660131 33.1760009994 2.86911813478
736.791144202 157.567750701 33.5186570571 2.82623736169
740.870898792 158.665032641 33.8620274387 2.79608669448
744.799045119 159.819605943 34.1761995754 2.77524695302
748.586840654 160.988962996 34.4657717533 2.7592945556
752.274501245 162.137126484 34.7577704464 2.74587010508
755.913680253 163.263914638 35.0831243946 2.73272703323
759.532773693 164.41565258 35.4453179668 2.71689752199
763.11226931 165.667389152 35.793726671 2.69626072626
766.595374413 167.088525138 36.0368359881 2.67069385311
769.922366016 168.71315369 36.0924155474 2.64230851114
773.059881191 170.53167004 35.9279447772 2.61562786157
776.012790731 172.500901045 35.5684611794 2.59541253147
778.821878249 174.559458709 35.0946821992 2.58065395782
781.545566792 176.647922262 34.6357986814 2.56100031065
784.225667311 178.737658896 34.3223055026 2.52338287583
786.857949664 180.845491269 34.2086513389 2.46508295504
789.396492474 183.00785425 34.2477910707 2.39929208132
791.792983808 185.237408534 34.3502272798 2.345897321
794.038861997 187.510922752 34.4506208309 2.31628875804
796.175581946 189.793747034 34.522328777 2.30607392856
798.261845666 192.062556007 34.5702514919 2.30141456111
800.327690122 194.306437765 34.6290286387 2.29312009058
802.365741876 196.523792395 34.7405334642 2.28516623245
804.366974521 198.7258389 34.9099158673 2.28820189037
806.348287415 200.932138073 35.091075148 2.30489401458
808.333745654 203.155030942 35.222347961 2.32445204219
810.319359994 205.395057959 35.2661491016 2.33223035666
812.268647832 207.655575808 35.2108516157 2.3216899052
814.142471168 209.953182845 35.059266329 2.29611871823
815.933174445 212.30210643 34.8503399783 2.26317502506
817.673852188 214.688219974 34.6854388851 2.23085561215
819.408200882 217.074282802 34.6714911264 2.20546352836
821.142654035 219.445331727 34.7970281322 2.1889587346
822.834426353 221.837175764 34.9013935608 2.17805316257
824.43467233 224.296655858 34.8152997688 2.16814088354
825.938820293 226.817456426 34.5233453046 2.15830803052
827.393460394 229.338713844 34.1715148387 2.15083240136
828.861203637 231.810287325 33.9365522668 2.14592176239
830.374620986 234.246200941 33.8943246415 2.1390528681
831.912072813 236.719477008 33.9771366351 2.12352805662
833.415720095 239.3248614 34.0314090408 2.09353914385
834.831232283 242.141620649 33.9332012383 2.04503888805
836.122151899 245.205797096 33.6723102425 1.97630260153
837.250070196 248.50182597 33.3329103468 1.88870409927
838.159561782 251.972627466 33.0010423056 1.7868574647
838.792842899 255.52812444 32.6980612478 1.67914065928
839.11796172 259.055861293 32.3935163352 1.57776061869
839.14566145 262.45882751 32.0638542234 1.49462131462
838.922817821 265.703685761 31.7279269264 1.43391908793
838.503011084 268.831973359 31.430072598 1.38830031572
837.914630303 271.922091618 31.2063484706 1.34365459653
837.158532706 275.029081624 31.0750414183 1.29069059087
836.241285247 278.143003554 31.0405327193 1.23391757354
835.205640623 281.203122542 31.0879591347 1.18803997035
834.118448027 284.159708994 31.1870235141 1.1639108268
833.026597152 287.021651803 31.3173882561 1.15934648893
831.92897005 289.847889576 31.4811170271 1.16351427293
830.789577988 292.704818937 31.6822856577 1.16738889035
829.575234334 295.634509771 31.9053840745 1.16982428052
828.286581131 298.649184429 32.1188103526 1.17593114541
826.962578557 301.736483451 32.2924942978 1.18968692318
825.658331146 304.863040633 32.4101527588 1.20733190942
824.411052508 307.989365689 32.4730992926 1.21937852501
823.216069509 311.098942009 32.5034147443 1.21976026153
822.030688698 314.209353865 32.5432240713 1.21129013937
820.805474709 317.349802379 32.6366759629 1.20146359103
819.519637715 320.534239182 32.8026309898 1.19495000661
818.192657664 323.757571447 33.0274661526 1.19138516152
816.864110158 327.009700698 33.2847540031 1.18856393926
815.558109969 330.286605857 33.5573821239 1.18552073786
814.261757312 333.585785792 33.8416170863 1.18275422643
812.939623009 336.893769684 34.1332972449 1.18101303919
811.574537477 340.186292173 34.4111841416 1.17960151873
810.19166982 343.448737092 34.636664065 1.17551540257
808.835932192 346.696768756 34.7757223978 1.16591335634
807.526991798 349.969063794 34.8262887034 1.15249675343
806.241646546 353.292371325 34.8283102159 1.14163161983
804.935376239 356.65582939 34.8468478992 1.13877053268
803.572198633 360.025092199 34.9354981415 1.14396622357
802.140776784 363.377409445 35.1005221801 1.15304166425
800.660003263 366.713499929 35.2919923892 1.16121669733
799.173769506 370.037561996 35.4358398439 1.165538467
797.729519117 373.338724434 35.4865951114 1.16596374756
796.354906358 376.599927421 35.453034278 1.16470330783
795.050922513 379.821463254 35.3762954849 1.16376827148
793.79739902 383.027550621 35.2965444515 1.16379075354
792.562537922 386.243002274 35.2447798874 1.16557027089
791.318119386 389.463354052 35.2472537127 1.1711026765
790.053805288 392.651927134 35.3182953979 1.1815429562
788.777621486 395.768137165 35.4495211731 1.19464661764
787.508111739 398.800579153 35.6096968072 1.20611113772
786.270214628 401.779438708 35.7509649455 1.21496451441
785.094254305 404.761943445 35.8166406321 1.22753521943
784.015063102 407.799546907 35.7506826383 1.25390676118
783.0694734 410.90831435 35.5035523983 1.29786347984
782.278383786 414.063722448 35.0392123395 1.34976902357
781.612152049 417.217338179 34.3582202789 1.3900899344
780.976722154 420.318437327 33.5234207881 1.40084303386
780.251598833 423.335486217 32.6522091593 1.37526978012
779.351588744 426.2741531 31.8777559582 1.31878382792
778.254496649 429.175903876 31.3200518956 1.24212707961
776.976013107 432.091053187 31.0795777012 1.15396018673
775.534476654 435.035102991 31.2223630043 1.06063737595
773.953495373 437.951740235 31.7350215472 0.97276383121
772.288532376 440.723576268 32.4844061803 0.907821763492
770.619770416 443.251301499 33.2483849203 0.880655730424
768.999792225 445.541151018 33.8281719374 0.889769470462
767.412336456 447.704283935 34.1508865252 0.91593973908
765.785239499 449.863900708 34.2638947601 0.935737853202
764.031069405 452.073987091 34.2430730388 0.934289488729
762.072369623 454.320619883 34.1250952767 0.906200611225
759.849983863 456.564350763 33.917923779 0.851021930789
757.331906129 458.761787359 33.6422293825 0.771665753277
754.52367367 460.865529577 33.345004558 0.674450321556
751.474663426 462.824152065 33.0837069808 0.568072064272
748.275390638 464.585486722 32.9057069975 0.46289713158
745.037035125 466.106887164 32.8309893534 0.370377434182
741.854086178 467.376861434 32.8402975074 0.300376083486
738.770581721 468.426464395 32.8782938449 0.256585308245
735.767634489 469.308242105 32.8775467324 0.232495574941
732.777061071 470.060285398 32.7961803269 0.212793889781
729.721751575 470.692904724 32.6469564171 0.184064741586
726.565310238 471.204097518 32.4868272088 0.14721659952
723.328403379 471.601568065 32.3654435928 0.115628324847
720.057237242 471.912782307 32.2855067376 0.0985711048236
716.784016964 472.176156845 32.2232517965 0.0912975066489
713.516409723 472.41759988 32.1795664393 0.0847078800718
710.248916412 472.633983563 32.1948782785 0.0791590996617
706.977968109 472.803927747 32.3127223573 0.0824199468748
703.713522777 472.915330047 32.5315342443 0.0959124250955
700.478107309 472.980742787 32.7850582439 0.108545246779
697.28872771 473.031988878 32.9715003791 0.106334143351
694.139974161 473.106390214 33.0184551709 0.0866581563376
691.006120349 473.231583554 32.9320891634 0.0612313820015
687.856512396 473.408997774 32.7895100248 0.045307284155
684.673638046 473.607545443 32.6865668998 0.0449891766819
681.471071888 473.781526068 32.6796786211 0.0536455994185
678.293017643 473.9019306 32.7575026497 0.0588593736115
675.17632218 473.972605126 32.8625798431 0.0535321672907
672.106500489 474.022490814 32.9419811543 0.0414596133179
669.025408181 474.088884517 32.9778955386 0.0324175974256
665.890731864 474.201822214 32.9810029986 0.0324331293258
662.723733073 474.368347411 32.9708048839 0.038786542656
659.59325343 474.563944041 32.963731084 0.0433129253707
656.553417409 474.745808272 32.9681175485 0.0401835937592
653.600345909 474.883200234 32.9834922958 0.03100397094
650.68577079 474.978646537 33.0055809919 0.0230247380334
647.760460199 475.06378712 33.0325418324 0.0232533795869
644.804127852 475.176838123 33.0642716434 0.0335160383177
641.829157463 475.33690871 33.0957397978 0.0487166923029
638.864148753 475.530104119 33.115144553 0.0593984025308
635.923634741 475.720073853 33.1131223916 0.0587907729388
632.98415628 475.878451774 33.0933094656 0.0490776064978
629.994188105 476.008880992 33.0705067792 0.0398512132012
626.917662153 476.141842252 33.0579589625 0.0394695496219
623.773611157 476.305256975 33.0575857342 0.0476573767285
620.631541376 476.497428805 33.0615922486 0.0560151538523
617.561047958 476.686582308 33.0622635563 0.0559078418961
614.581489415 476.836608968 33.0620780037 0.0466176521698
611.658131835 476.93400892 33.0780215599 0.0361591436722
608.739159986 476.994244105 33.1379828435 0.0346067278816
605.792525131 477.05031474 33.2661550575 0.0462355594285
602.818325076 477.137098582 33.4569561252 0.0657918874257
599.838407446 477.275576999 33.6552633617 0.0810081586433
596.870238397 477.458851816 33.7749809193 0.0810712323719
593.90260034 477.652132442 33.7577050565 0.0653216318453
590.901512199 477.815012354 33.6212171622 0.0436311072718
587.847194078 477.930426472 33.4500391565 0.0281692815996
584.760400824 478.015567055 33.3388350766 0.0252211350235
581.686486337 478.108617221 33.3366138018 0.032800849901
578.658462554 478.243013727 33.4236581356 0.0428865109294
575.680552702 478.423927328 33.5270115923 0.0465919473653
572.741447227 478.623075838 33.5677957557 0.040314813786
569.835704291 478.801047365 33.5161798817 0.0277363222597
566.972889562 478.941349075 33.414149985 0.0149665148745
564.16877613 479.064253637 33.3451843654 0.00405073983783
561.426023451 479.206875417 33.3754848206 -0.00823969631798
558.72476915 479.387761111 33.5126685411 -0.0258418817006
556.038297796 479.587904163 33.7086015986 -0.0483620366763
553.35747847 479.765669988 33.8978976766 -0.070857725161
550.693092411 479.88981103 34.0389988932 -0.0882550048349
548.058146097 479.957501004 34.127116553 -0.0991600931763
545.459117428 479.985296163 34.1788041482 -0.105583958953
542.904188301 479.9899733 34.2138720031 -0.11003961051
540.409886706 479.97771808 34.2519934016 -0.112974988795
538.00183898 479.945714349 34.3170239728 -0.111182324711
535.718632401 479.892499904 34.4274692439 -0.0974666544878
533.600354348 479.827667961 34.5598590157 -0.064507048095
531.62885672 479.764620455 34.6094129707 -0.0148254188529
529.655624937 479.68985706 34.4125672355 0.0308609344236
527.424193057 479.531962008 33.8633126054 0.0399110703084
524.70727285 479.158872607 33.0463090851 -0.0132478613154
521.422710709 478.400296296 32.2624208598 -0.135154336089
517.634171427 477.080293008 31.9157809477 -0.318090245046
513.519006472 475.076378795 32.3376126118 -0.547507695566
509.387724092 472.428014528 33.6165656978 -0.798571653831
505.682568859 469.442654186 35.4779299225 -1.02983872994
502.844895417 466.658220726 37.3126362653 -1.19126876683
501.081494237 464.573785414 38.4615586882 -1.24983059736
500.205486055 463.303289244 38.6303713632 -1.21455924547
499.722741167 462.487199628 38.0681157737 -1.13527397911
499.141721868 461.598704773 37.3146941308 -1.06907195395
498.254604022 460.353734666 36.7772794688 -1.04260052983
497.154397987 458.82651851 36.5317750341 -1.0445533305
496.026722189 457.221903799 36.4294312246 -1.05079190976
494.960998549 455.608423365 36.3004181884 -1.05232041333
493.939646993 453.877096056 36.0708855173 -1.06022298673
492.935550928 451.88777048 35.7727164062 -1.09081886295
491.971480143 449.610726524 35.4991922068 -1.14998635588
491.102922415 447.161310955 35.3393846537 -1.22814214259
490.374380088 444.725369265 35.320253864 -1.30737069311
489.789234631 442.416941575 35.4036181632 -1.37616473309
489.311202621 440.194538491 35.5415220389 -1.43831723606
488.900935716 437.954399516 35.7179842948 -1.50420706209
488.553299653 435.695644994 35.9266454069 -1.57445577653
488.29112872 433.53468978 36.1324567787 -1.63740206148
488.12737407 431.569171812 36.2791878575 -1.68167150153
488.045795045 429.79129087 36.3251181128 -1.70581007277
488.015323617 428.13087536 36.2605169965 -1.71611132072
488.013071879 426.528234462 36.1041003989 -1.71988017958
488.035920058 424.947059214 35.8933207392 -1.72233033991
488.101129867 423.34586059 35.6689219179 -1.72764881592
488.239630515 421.665192932 35.4603185134 -1.74087730439
488.481692266 419.854529396 35.2884811482 -1.76743433609
488.840345373 417.920679774 35.1760867295 -1.80900177958
489.30300366 415.948217977 35.1376342613 -1.85929503203
489.839028853 414.052856982 35.1560375297 -1.90638903369
490.42304036 412.297050269 35.177162314 -1.94229543272
491.059765884 410.654509592 35.128129665 -1.96975328768
491.78124926 409.062822766 34.9452238915 -1.9971963598
492.608610876 407.496601648 34.6036185955 -2.027723046
493.524913365 405.975955086 34.1270448902 -2.0561793598
494.505617486 404.513013536 33.5535034184 -2.07802619526
495.570046643 403.070804229 32.8942605735 -2.09849229281
496.771021848 401.590060518 32.1526409364 -2.12965144278
498.121018111 400.057173172 31.3829235165 -2.17780623858
499.551034007 398.532834119 30.6943277691 -2.23604537161
500.960998667 397.106324185 30.1763216744 -2.29051651585
502.304813587 395.827490215 29.8310704142 -2.33243725788
503.620246498 394.681817619 29.584793767 -2.36330341
504.984429772 393.613677924 29.3555275385 -2.39074118941
506.448789215 392.560404466 29.1103528899 -2.42152124518
508.011283527 391.47552915 28.8706316424 -2.45741892662
509.636216827 390.342642241 28.6737375426 -2.49518507555
511.290565802 389.176253249 28.5371635483 -2.53004130236
512.971711383 387.999436716 28.462604748 -2.56139857846
514.712744474 386.818781491 28.4628978903 -2.59548998629
516.552567462 385.635493875 28.5620260073 -2.6397278522
518.490286676 384.482098426 28.7604071735 -2.69374346068
520.48212225 383.423570843 29.0154992209 -2.74883767752
522.495126071 382.506393511 29.2742073231 -2.79726714727
524.548352661 381.718780409 29.5227479085 -2.83919359327
526.68807693 381.012136302 29.7950753051 -2.87934574777
528.937234619 380.351181719 30.1332927673 -2.92010195093
531.284464628 379.731823499 30.5462330948 -2.96093215686
533.705548699 379.162033025 31.0037441973 -3.00208571558
536.169667248 378.64650557 31.4603554969 -3.04377000725
538.634528139 378.189546748 31.8801849437 -3.08234807404
541.063769028 377.799403169 32.2439134296 -3.11184110925
543.456108556 377.48700343 32.5397172554 -3.12957400072
545.851532076 377.262313979 32.7565315674 -3.13800836774
548.308739899 377.127726384 32.8907824586 -3.1419989286
550.866552249 377.07641649 32.954225188 -3.14625797253
553.512446936 377.100689288 32.9708549841 -3.15493861523
556.183150911 377.198240064 32.9691480475 -3.17078114629
558.801560145 377.363685212 32.9747116119 -3.19232942985
561.325585516 377.577253393 32.9976549698 -3.21269476269
563.776375276 377.812200962 33.020366944 -3.2247554219
566.22516979 378.055811337 33.0096427733 -3.2299739178
568.740512126 378.317587311 32.9514720133 -3.23959922204
571.334813021 378.617990544 32.8650309457 -3.2642596158
573.960984332 378.978100343 32.7717108791 -3.30329845314
576.560561525 379.416741988 32.6600523705 -3.34543568806
579.110462102 379.937562592 32.4971024931 -3.37755209831
581.628534165 380.507540678 32.2718080602 -3.3910626557
584.148429705 381.059230911 32.0171682097 -3.3830282417
586.694643656 381.530403824 31.795705314 -3.3565688875
589.275115207 381.90586988 31.6735566689 -3.32186669287
591.888939947 382.218896298 31.6977360637 -3.29397221842
594.533418995 382.516307913 31.8744619606 -3.28609220571
597.199859013 382.828906906 32.1582845935 -3.30233848098
599.869496101 383.170552146 32.4688065221 -3.33529367905
602.523283611 383.548760417 32.7308738369 -3.37086256008
605.15497423 383.966111659 32.9097767199 -3.39693293856
607.77147608 384.416316067 33.0148433777 -3.4084897901
610.385323828 384.885913446 33.0725710496 -3.40617345973
613.011179803 385.359446286 33.0972369001 -3.39278799058
615.663592221 385.821430901 33.0854187349 -3.37220773765
618.350213468 386.256958401 33.0317342329 -3.34934244207
621.065023376 386.656479083 32.9420582438 -3.32884701985
623.788741631 387.021725389 32.8299137327 -3.31396032538
626.498575771 387.36362039 32.7061017557 -3.30629114258
629.18258445 387.692505991 32.5796411652 -3.30496441319
631.849432081 388.010760883 32.4679312592 -3.30580867406
634.52509307 388.310116455 32.3986962613 -3.30343158837
637.233106336 388.571048203 32.3995670644 -3.29545900952
639.970933823 388.770511068 32.4848415141 -3.28429308804
642.707889266 388.89919829 32.6446845417 -3.27427596871
645.410548928 388.972008907 32.8440798215 -3.26789193474
648.067291408 389.022288416 33.0424696018 -3.26490408154
650.685702369 389.088570194 33.2236573512 -3.26393043374
653.272365166 389.200968171 33.4034126654 -3.26388538053
655.822596873 389.365567632 33.6020731377 -3.26409595661
658.332116278 389.553992568 33.8122443722 -3.26324962077
660.824252549 389.712696946 33.9976690906 -3.25772847884
663.37008392 389.789022319 34.1242018414 -3.24065134354
666.062948583 389.752856797 34.1908120742 -3.20423036042
668.940170895 389.60124449 34.2299502674 -3.14624352115
671.922569249 389.348156927 34.2756381472 -3.07539676879
674.858114347 389.005463881 34.3324791416 -3.00750811231
677.647754228 388.566699685 34.3830196625 -2.95346918881
680.324298333 388.007502639 34.4242026779 -2.91120001889
683.007107116 387.300427588 34.4843875071 -2.86960227777
685.790960093 386.430141471 34.5979817245 -2.81899073902
688.666964016 385.400622415 34.7642605017 -2.75855926688
691.527748039 384.226713211 34.9330174961 -2.69582216579
694.253708619 382.910215946 35.0389610818 -2.63832341869
696.800519746 381.43095534 35.0580023962 -2.58591120414
699.193435351 379.776712512 35.023984107 -2.53310445
701.455419614 377.973991196 34.9844209879 -2.47751575892
703.576655146 376.068151253 34.9478337228 -2.42221483566
705.545769606 374.072993727 34.8799838444 -2.37056042623
707.375751755 371.953293916 34.7430919017 -2.32237096056
709.094056478 369.661293841 34.5305498523 -2.27560545226
710.719191239 367.189666496 34.2683685745 -2.22953095369
712.244595115 364.587511091 33.9898378495 -2.18447906244
713.640616866 361.918497625 33.7088009147 -2.13838799826
714.874979987 359.20760983 33.4210235219 -2.08603261154
715.932136374 356.440149395 33.135266519 -2.0243678178
716.81363522 353.604327033 32.8886719438 -1.95760126797
717.527342919 350.713713849 32.7162569014 -1.89416129991
718.080815499 347.798308342 32.6177391932 -1.83956616748
718.482425269 344.901721591 32.5731433013 -1.79472635768
718.746724399 342.077888441 32.5786067208 -1.75886789373
718.897905983 339.359282042 32.6434654364 -1.72957087037
718.959871698 336.722704505 32.7488961847 -1.6997541026
718.933711091 334.101094385 32.8253677549 -1.65854480388
718.78849854 331.438087905 32.7948343889 -1.59850332109
718.487032331 328.735467721 32.6543062459 -1.52308509945
718.025798635 326.041436374 32.5148450624 -1.4451912763
717.44576173 323.378625848 32.5502971196 -1.37561010954
716.806724165 320.686979084 32.9183899016 -1.31242138504
716.153404996 317.860264763 33.7228063128 -1.24328208958
715.493081295 314.857916558 34.9873029609 -1.1591640855
714.796525782 311.782337747 36.6135707313 -1.0657658779
714.026845979 308.832210958 38.3878720942 -0.98110694581
713.170690142 306.156686157 40.0872905888 -0.921657195177
712.236631586 303.742861983 41.6055836189 -0.890169020794
711.219804776 301.453762902 42.9556523787 -0.875465712994
710.057898182 299.186869447 44.1145751654 -0.862066546291
708.60875819 296.987224519 44.8733706378 -0.83889097696
706.684528933 294.999935047 44.8953398846 -0.800415311337
704.155029979 293.338072006 43.9714636594 -0.744710744456
701.054333136 292.012753457 42.2264394253 -0.674245360835
697.583320887 290.957392574 40.0699919921 -0.59716523349
693.995189561 290.078814078 37.9543202021 -0.524403526627
690.47248209 289.294235481 36.1665570902 -0.464592136447
687.084915928 288.55593295 34.7878295731 -0.421226887473
683.811132077 287.857489535 33.7645726754 -0.392326883545
680.576787097 287.213163125 32.9915712244 -0.371500702072
677.295740857 286.629317069 32.3704648759 -0.350918896018
673.907503601 286.094314376 31.8439126401 -0.32530559625
670.392528198 285.588253609 31.40062069 -0.293509604466
666.762286147 285.095034191 31.0566976309 -0.256306178667
663.042215346 284.606158435 30.8348722136 -0.214161943181
659.257955514 284.118402543 30.7493192109 -0.168322712769
655.42655116 283.630885338 30.7919374943 -0.123264634056
651.559842671 283.143473943 30.9270144511 -0.0864567548229
647.677711688 282.656423145 31.1016519393 -0.0653226404763
643.809140101 282.171003379 31.2617514242 -0.0637881843652
639.96739118 281.691109813 31.3639087094 -0.0785356388888
636.123730119 281.225246594 31.3851420475 -0.0973202111041
632.21923373 280.785795395 31.3293974932 -0.105454106876
628.211069788 280.382266603 31.2266640008 -0.0985409253607
624.103360894 280.012417428 31.1233640377 -0.0874893425803
619.934894777 279.660801117 31.0631670161 -0.088384271782
615.751101886 279.305462747 31.0635029039 -0.107528042969
611.592081787 278.923896547 31.1066986753 -0.136274457885
607.489517784 278.500594007 31.1534255473 -0.159074442313
603.456891277 278.040810919 31.1655110613 -0.166442703547
599.482913862 277.573038921 31.1264645303 -0.161352033874
595.540287181 277.124752595 31.0549603576 -0.154902367394
591.60422432 276.696938316 31.0003018716 -0.157749184476
587.671134291 276.269027682 31.0132633848 -0.174322761498
583.769518239 275.823470468 31.1074254824 -0.200501922707
579.948731795 275.358705481 31.2411189145 -0.224708528937
576.242689175 274.884522863 31.3437821836 -0.23470904306
572.641071013 274.414586051 31.3725262317 -0.227080701331
569.102781252 273.963057694 31.3443058214 -0.209819639563
565.594522672 273.540114935 31.3096207337 -0.195133654687
562.108232645 273.143733024 31.3014510925 -0.190048683114
558.647807081 272.756388205 31.3145433538 -0.193028865191
555.213852971 272.355317077 31.3236258072 -0.197460083248
551.804219485 271.929434437 31.3103666345 -0.197342733898
548.421316681 271.487912823 31.2754120578 -0.190564486225
545.072717919 271.055702589 31.2339435035 -0.178901481788
541.764573132 270.661123231 31.2020829678 -0.166621178412
538.498277229 270.31879452 31.1848647902 -0.158677379074
535.277005498 270.014477175 31.1756373177 -0.158258910532
532.112163065 269.706027943 31.1652143018 -0.164424593616
529.016377281 269.346567955 31.1494153399 -0.171497608464
525.989298967 268.914774993 31.1299747665 -0.17070341704
523.014166854 268.431480269 31.1144911816 -0.153865242763
520.06735995 267.953129531 31.1209154438 -0.118473857505
517.128078797 267.543440225 31.1857197501 -0.0704121138206
514.181416861 267.236614479 31.3713900771 -0.0199817034744
511.220681411 267.019148282 31.7579523396 0.0257042187375
508.254742238 266.846119643 32.4038652217 0.0652715854201
505.311280281 266.673679822 33.3007161446 0.0992390298583
502.421509605 266.478732249 34.3707843417 0.12718366758
499.596210776 266.262782049 35.5099448296 0.149051470169
496.818708466 266.050485458 36.6349922992 0.166652123046
494.054439838 265.878075819 37.7224644847 0.183957291385
491.261517224 265.771061195 38.829974554 0.20675431382
488.40945575 265.7351664 40.0562549118 0.2391948742
485.504540748 265.768924866 41.4542366851 0.279085991946
482.584693295 265.871572542 42.9976779678 0.319338385707
479.677951677 266.038714609 44.6317601244 0.355268665727
476.77855879 266.27195096 46.3151552891 0.388591009883
473.878063513 266.612484299 47.9754264631 0.424042482026
471.020736122 267.168730579 49.4204536125 0.463710051177
468.30760021 268.097600552 50.3418568227 0.505902164745
465.826259232 269.531743609 50.4761208502 0.548882076728
463.592314413 271.495903408 49.7880644182 0.592862278679
461.572283722 273.875675559 48.488239765 0.63720421553
459.736145839 276.467634744 46.8829827239 0.67831239235
458.066782234 279.081299749 45.2127699748 0.712428788412
456.535502544 281.624797054 43.5931809708 0.739660288193
455.091274555 284.116803297 42.0527604283 0.764280516682
453.678647832 286.62507252 40.5994756396 0.791128008536
452.262522908 289.191483712 39.2569400951 0.821615785892
450.836689275 291.803160395 38.0554922893 0.852797370009
449.412949767 294.412726546 37.0087908723 0.880152677827
448.001838494 296.975697014 36.1111562383 0.901690814911
446.597193396 299.48041326 35.3566482904 0.919688066648
445.175143677 301.953959037 34.7552201471 0.937674983634
443.712728259 304.43779707 34.3244387261 0.955168973172
442.20991697 306.956032103 34.0589404671 0.966696986875
440.689626489 309.504610376 33.9100924919 0.967066581927
439.17563126 312.062253661 33.8045287706 0.95671527668
437.673535563 314.608376796 33.6864402919 0.94129033556
436.170309749 317.136814556 33.5446228385 0.926980748456
434.646379497 319.656233893 33.406554317 0.91708115207
433.088879414 322.175374728 33.3090724664 0.912591271957
431.497499331 324.690479634 33.2680977397 0.914916345009
429.878706403 327.191654996 33.2714595274 0.926052183046
428.234660132 329.678838294 33.2976456396 0.94547717555
426.561206004 332.163540103 33.3358054965 0.96832458542
424.858198364 334.656995759 33.3846294466 0.987927082043
423.141278413 337.165954125 33.435990214 1.00015448269
421.442273529 339.695715576 33.4687022637 1.00504198246
419.793555698 342.242976524 33.4632884709 1.00440742457
418.20670239 344.787189716 33.4172506889 0.998938937147
416.664519864 347.307085336 33.3392867797 0.989181539314
415.133743733 349.809397806 33.2346036798 0.978465435538
413.587618163 352.322717409 33.1021422588 0.970798047627
412.021841273 354.859362913 32.9339288097 0.965288239761
410.450890078 357.403551642 32.708301313 0.957170618719
408.88546313 359.939922208 32.4045656314 0.945766919244
407.311602756 362.471164833 32.04829398 0.937242532142
405.693645401 365.004217564 31.7320820844 0.937654642427
404.00001482 367.542481374 31.5620002059 0.94630451622
402.22939297 370.097952625 31.5729510152 0.957667591265
400.415698125 372.68883845 31.7059453779 0.967390059559
398.607385105 375.316766129 31.8671814316 0.974530034932
396.836734608 377.960610029 31.9983816992 0.97975017821
395.103746049 380.597852318 32.0955667973 0.9839447914
393.389103652 383.223121914 32.1801381627 0.988255242453
391.681184434 385.846754731 32.262794958 0.993635053586
389.985823372 388.486193006 32.3324320942 1.00058146495
388.311948357 391.159078654 32.3731819701 1.00948585747
386.656435626 393.87628872 32.3854601867 1.01994184482
385.003348416 396.638812146 32.3873225381 1.02987080307
383.328936323 399.438773679 32.4005601828 1.03640872697
381.60736464 402.25765564 32.4401719492 1.03713578207
379.822757112 405.067417004 32.5100891345 1.02998186351
377.982649075 407.845183084 32.5975907091 1.01363833259
376.118752175 410.587537961 32.6734660771 0.989710052881
374.271264929 413.304297248 32.7110110271 0.964038925792
372.464551103 416.004555175 32.7104261341 0.944218222026
370.68691038 418.697959505 32.6971876904 0.934202428616
368.889726537 421.401011968 32.6931600372 0.930565476656
367.013060216 424.125304854 32.6970331025 0.924272057756
365.02230054 426.857366463 32.6980891111 0.907047685576
362.927569101 429.560225769 32.6996148399 0.877421480939
360.769872323 432.200229258 32.7167340292 0.841529706189
358.585682302 434.770521452 32.7546659856 0.807781223935
356.38009596 437.286964251 32.8006900651 0.780122978007
354.124362736 439.765269919 32.8376924097 0.75590265537
351.757611808 442.210049832 32.8577358136 0.728272556559
349.178370081 444.628435431 32.8649978544 0.688457887436
346.257573186 447.038908734 32.8753206164 0.627277055288
342.912784513 449.439770141 32.9078565052 0.540169680815
339.196905696 451.763367548 32.9648242653 0.433787732278
335.299776876 453.883840369 33.0295459722 0.325542864588
331.441008475 455.68884619 33.1059416865 0.233811728319
327.781552773 457.138062688 33.2573196117 0.169645291876
324.430757198 458.256731333 33.5595085966 0.137355481136
321.405231806 459.109065267 33.9751812639 0.13383174822
318.453409214 459.794874441 34.3028625509 0.138772401036
315.034167759 460.415410541 34.3422600555 0.113917020739
310.720057973 460.980056012 34.1428098986 0.0294923364875
305.672987222 461.370887032 33.9933732739 -0.104584097814
300.597520129 461.455423329 34.0927304634 -0.241514825627
296.189322836 461.225247467 34.3131789817 -0.333927488024
292.654346627 460.792448032 34.3713655907 -0.366450253903
289.701540763 460.274447032 34.1493657738 -0.357050452584
286.89627068 459.717972509 33.7530043543 -0.333132703024
283.983795018 459.113416839 33.3233252107 -0.309376521836
280.927985113 458.435363329 32.9001024235 -0.286586169121
277.756680672 457.660310623 32.4502554697 -0.264042456089
274.453832802 456.778867094 31.9494908373 -0.245497202568
270.987638247 455.817021777 31.423699361 -0.233831844403
267.365075892 454.8396185 30.9403646887 -0.227146093991
263.622527935 453.912922036 30.5699958167 -0.222438724185
259.785724266 453.059216019 30.348141425 -0.217982842121
255.858887513 452.254059022 30.2774183071 -0.209312052211
251.84820461 451.468648595 30.3604421748 -0.188053135716
247.785191111 450.708218013 30.610538454 -0.151301513174
243.725215288 450.004737707 31.0199965091 -0.111433938236
239.719063976 449.373208212 31.5292919439 -0.0908655882011
235.779911017 448.77936581 32.0413911703 -0.104029605891
231.876780253 448.155213732 32.4697482423 -0.145521665532
227.962735386 447.448693555 32.7734720311 -0.195398709929
224.010200171 446.659673577 32.9535814127 -0.233211390609
220.018081867 445.832398953 33.027982238 -0.248139799341
215.991239573 445.016621817 33.0179088882 -0.242237209515
211.92745517 444.230608726 32.9532300594 -0.227898712149
207.829817968 443.452572471 32.876046828 -0.219668064005
203.71980158 442.644900265 32.8273381249 -0.224416186055
199.623426001 441.788577128 32.8282065429 -0.237860476887
195.544475798 440.898742736 32.8717906752 -0.249938182338
191.462083985 440.013623076 32.9267872212 -0.253105091066
187.359072215 439.168903437 32.95282872 -0.246465629576
183.245355934 438.372661389 32.9298416193 -0.234753212524
179.145447971 437.597097364 32.8792314682 -0.225597156016
175.0661406 436.798257802 32.8454080847 -0.226216922574
170.987434345 435.950032858 32.8530971352 -0.239135669412
166.888762698 435.062499033 32.8892158322 -0.259445687321
162.775797211 434.17238436 32.9201474721 -0.27660338066
158.672561639 433.317640945 32.9142288951 -0.280301383443
154.58965056 432.512029456 32.8551319019 -0.267494039552
150.510933348 431.734711197 32.7520905077 -0.245973536156
146.416163097 430.946424327 32.6406580247 -0.230260363465
142.309867399 430.12281299 32.5649169602 -0.231874675288
138.219648824 429.274755643 32.5510006617 -0.251922468172
134.165706593 428.436289221 32.5898111564 -0.281009270162
130.136698048 427.631995148 32.6416571354 -0.304362918236
126.096787895 426.853770627 32.6653807268 -0.308657907503
122.01532129 426.068687297 32.6509097995 -0.288591106057
117.892601057 425.250732284 32.6231261047 -0.250473770796
113.763644343 424.405485694 32.6127302582 -0.209854949084
109.683263179 423.564429057 32.6249194169 -0.183795154469
105.705636203 422.755506101 32.6361652332 -0.181901500683
101.86389882 421.97824999 32.6169781083 -0.200856022993
98.1540902344 421.207474395 32.5546784804 -0.227239567949
94.5368086218 420.421948755 32.4581160856 -0.248475878451
90.9609954373 419.626709194 32.348219766 -0.261684038739
87.3902305197 418.844212669 32.2444849643 -0.270842284848
83.8117124969 418.087410008 32.1550440749 -0.277701210984
80.2344573288 417.350297454 32.0798355941 -0.279176363051
76.6896875496 416.626517559 32.0250584924 -0.272649470034
73.2237793142 415.928101948 32.0058508011 -0.259484319833
69.8730291905 415.277714712 32.0257176048 -0.242514302288
66.6415062715 414.685274141 32.059894281 -0.223712685878
63.5075231399 414.137096777 32.0709845547 -0.206230358422
60.4460238957 413.604322708 32.0405470373 -0.195869001467
57.4374871751 413.057429682 31.9818968038 -0.198176975536
54.4609354886 412.476680572 31.9302068005 -0.215226995558
51.4875544015 411.853403468 31.9316973132 -0.246473926837
48.4814936117 411.177899598 32.0448408987 -0.291748059423
45.4066743858 410.416660476 32.3408329699 -0.352185391028
42.2382772656 409.492387142 32.8819752125 -0.428714859333
38.9787922325 408.269484327 33.6640331463 -0.521976299782
35.6855302252 406.548865211 34.5473355745 -0.635289690045
32.5074985292 404.108658865 35.2560635556 -0.775313440057
29.6852516791 400.822427401 35.5176462655 -0.945011299783
27.4631962597 396.787299154 35.2715723064 -1.13444860718
25.9638607172 392.324773293 34.7319641095 -1.32079928806
25.1418872291 387.82152924 34.2064889229 -1.4794105307
24.8488433596 383.544644722 33.8645187826 -1.59723720284
24.9288248592 379.572404031 33.6832958909 -1.67927867128
25.2743173509 375.847063737 33.5516442489 -1.7428502012
25.8319466819 372.265025751 33.3727300876 -1.80309349847
26.5760436189 368.739514071 33.109166909 -1.86246615451
27.4802171214 365.223839295 32.8130607167 -1.91385756989
28.5164433595 361.695175328 32.6447400224 -1.95050264941
29.6846084214 358.105057038 32.8448051599 -1.96896062186
31.0353114135 354.351320259 33.6599019557 -1.96495905886
32.6366722999 350.336331996 35.2453880118 -1.93413393454
34.5053746091 346.078059719 37.5740086685 -1.88117536019
36.6225926097 341.729033414 40.4020450917 -1.82604872657
39.1106253471 337.421458718 43.3181191312 -1.79860210261
42.4174365906 333.078801268 45.8110919054 -1.82827553458
47.2013093608 328.446501631 47.3272099034 -1.93650786442
53.8177528428 323.40005399 47.4313385495 -2.12691306247
61.7990048244 318.255114259 46.0966442966 -2.373237385
69.9266947317 313.714136854 43.8297743555 -2.62327217268
76.9703025698 310.428825928 41.3830292868 -2.82736915486
82.4072759559 308.587112817 39.2996024651 -2.96687604632
86.4868615036 307.893839715 37.7326592117 -3.05491050193
89.7741616143 307.870729086 36.5919129657 -3.116060666
92.7278173099 308.142411099 35.7440131652 -3.1694400548
95.5728500232 308.521259888 35.0967633318 -3.22338404212
98.3632436343 308.945805612 34.595343873 -3.27585438734
101.082889483 309.399677804 34.2012579358 -3.31828994577
103.72143985 309.872637855 33.8896498646 -3.34368220005
106.30095993 310.355273284 33.6624260748 -3.35334629497
108.856605976 310.841972457 33.545221177 -3.35535669963
111.406201514 311.331614063 33.5546395024 -3.35723824507
113.942920807 311.82839132 33.6696924908 -3.36244987962
116.453608809 312.344018562 33.8397035302 -3.37340669041
118.938167068 312.897931705 34.0162770203 -3.39320385421
121.412772403 313.507953896 34.1740925483 -3.42086856825
123.899910088 314.172046993 34.3067689347 -3.44721800887
126.414183721 314.858292431 34.4150200663 -3.46004873711
128.950939572 315.52054916 34.5038870011 -3.45439286788
131.487023874 316.129028311 34.5829495154 -3.43630787269
133.995783305 316.686202297 34.6589459652 -3.41683991844
136.461337498 317.217788245 34.7270326448 -3.4032897813
138.879693778 317.754001675 34.7726871156 -3.39595255877
141.255498493 318.314216664 34.78259473 -3.39142205919
143.606083078 318.897785304 34.7557348852 -3.38767766591
145.965396931 319.485551529 34.708015174 -3.38606001374
148.374672719 320.055248802 34.6668469572 -3.38934425634
150.861385422 320.599474429 34.6581756261 -3.39869998005
153.420175913 321.131687564 34.6932025117 -3.4119799408
156.00999231 321.67925391 34.7603659851 -3.42378976576
158.577463008 322.269776239 34.8305448771 -3.42780340602
161.095640735 322.913861891 34.8796206476 -3.42109936722
163.582197762 323.593393765 34.9091996795 -3.40705083201
166.076957572 324.269883458 34.9408475733 -3.39321697942
168.605297914 324.911959688 34.993457755 -3.38587978868
171.165307294 325.516894455 35.072482393 -3.38611743791
173.739194286 326.104639967 35.1740919696 -3.38920598311
176.306925103 326.691789607 35.2916778705 -3.38699434818
178.85557307 327.271786658 35.42311769 -3.37369507557
181.387111786 327.81894613 35.5742457603 -3.35234787479
183.917892338 328.310196707 35.7487829545 -3.33494876073
186.465513024 328.744653447 35.9343163068 -3.33357461152
189.035578071 329.146451856 36.1060197878 -3.35005648112
191.62184595 329.550758902 36.2454194966 -3.37419538486
194.214590925 329.985680952 36.3533802918 -3.39186894958
196.804476623 330.464958893 36.4472334567 -3.3951357898
199.381919289 330.992027644 36.5466027453 -3.38628760453
201.941149136 331.562652415 36.6549244882 -3.37417432546
204.489687588 332.161219926 36.7480650616 -3.36651282109
207.053008382 332.757906479 36.7808605193 -3.36407903903
209.658867137 333.311793977 36.7091378861 -3.3620408195
212.306234249 333.778658012 36.5052504651 -3.35671152018
214.957598833 334.12589182 36.1522127852 -3.34936762338
217.576018856 334.350154635 35.6333218134 -3.34302932135
220.163409024 334.4767676 34.9467546786 -3.33771219247
222.750400228 334.533445866 34.138341402 -3.33033282819
225.357417622 334.527126553 33.3071498439 -3.31836545311
227.978673168 334.454352897 32.5651544069 -3.30262805317
230.597510509 334.331013499 31.986910567 -3.28664916125
233.204075799 334.198152872 31.5850034295 -3.27331602874
235.796074507 334.094017688 31.3168172154 -3.26164548297
238.372859983 334.027414084 31.1192888941 -3.24603165605
240.937416966 333.976751923 30.9592062827 -3.21856103211
243.500337366 333.903915202 30.8634215975 -3.1736239091
246.073431864 333.767520691 30.8978807152 -3.11214389625
248.660796636 333.534506442 31.1111101884 -3.04093436177
251.258761082 333.18841529 31.4967640002 -2.96676279476
253.857274019 332.725819546 32.0039253677 -2.89183759415
256.433944501 332.143547813 32.5707819885 -2.81658232817
258.953539748 331.431751084 33.1432782733 -2.74549186978
261.386287769 330.578751006 33.6743884454 -2.68683932193
263.729882912 329.578892404 34.1254540894 -2.64464498785
266.003978993 328.437189837 34.4776158418 -2.61243163048
268.213274133 327.172704177 34.7386458831 -2.57784798377
270.318997002 325.819686949 34.9326094539 -2.53452488922
272.25892753 324.423352922 35.0787042194 -2.48898421591
274.002652198 323.032637465 35.1757192307 -2.45640237613
275.587650624 321.690314663 35.1999935169 -2.44941290972
277.102486298 320.413215872 35.1122224612 -2.46758852025
278.63814515 319.166701857 34.8716698464 -2.49390464469
280.247020325 317.861246726 34.4619988547 -2.50208134738
281.92514606 316.394018376 33.9203818247 -2.47128548693
283.615259072 314.710458774 33.3444088606 -2.39668662106
285.229649966 312.83097991 32.8621903516 -2.28842495947
286.686566599 310.823104537 32.5826876473 -2.16385738363
287.938659475 308.756182573 32.5564695063 -2.04179866232
288.975057468 306.679548556 32.76082545 -1.93988930703
289.806848533 304.623429035 33.1082401182 -1.87069600019
290.460821519 302.601776485 33.4809079993 -1.83590474066
290.984396541 300.613170428 33.7868892109 -1.82444770994
291.43963649 298.646808362 34.0038046376 -1.81905287031
291.879151638 296.691416384 34.172017071 -1.80728707121
292.324961691 294.740064974 34.3424211168 -1.78805506388
292.766816741 292.789836276 34.5238709696 -1.76827141366
293.173639544 290.839780962 34.6753021383 -1.75342738579
293.508559804 288.889381835 34.7480235634 -1.7419816424
293.745282333 286.937102491 34.7302289594 -1.72882273327
293.878296667 284.977536791 34.6414477174 -1.7113870425
293.915278182 282.996515916 34.4902938292 -1.68970973752
293.856005855 280.967723397 34.2558312 -1.66183034079
293.6814172 278.860274135 33.9144900638 -1.62279959944
293.368376539 276.660854881 33.4771345506 -1.56985050844
292.914442719 274.391382784 32.9972633492 -1.50726917658
292.341509451 272.093920022 32.5434745834 -1.44402693824
291.673830799 269.790813724 32.1645047756 -1.38609052577
290.92069463 267.46829299 31.8810693142 -1.33257724071
290.081952273 265.107311269 31.7022942583 -1.28009865135
289.158494809 262.723182517 31.6351372389 -1.22927631522
288.147890737 260.360773571 31.6746175261 -1.18503701353
287.036190006 258.046695582 31.7948384198 -1.15059216416
285.805363168 255.756989649 31.9577207649 -1.12320043381
284.449135821 253.442051888 32.1267583786 -1.0973423266
282.968574193 251.072965076 32.2649291787 -1.07009716375
281.335619203 248.645162903 32.3241003442 -1.03936012826
279.452685649 246.143885099 32.2581545014 -0.995808529088
277.162233902 243.538746456 32.0739720174 -0.921149136324
274.344862149 240.841938767 31.8791685812 -0.801760782054
271.066281701 238.175417542 31.8492956751 -0.64923711835
267.6352786 235.7517255 32.0944662032 -0.505938614663
264.45580406 233.746881436 32.5311501928 -0.422289434746
261.74794045 232.170864403 32.9012571453 -0.419878275654
259.386034381 230.86442781 32.9462532067 -0.47304665545
257.022789087 229.625375858 32.5948130743 -0.527605104851
254.379199884 228.340079764 32.0226032614 -0.539343292897
251.414617693 227.013053448 31.5538319356 -0.497714969774
248.257572679 225.713489162 31.4763621881 -0.42240155478
245.044639759 224.517513352 31.8832685832 -0.348026637135
241.847607011 223.46911994 32.6281524466 -0.308986404273
238.699872412 222.541944323 33.4188216094 -0.323016512955
235.631197162 221.632539415 33.9938209563 -0.379248354026
232.666145014 220.626892637 34.2564328908 -0.445249367937
229.805789604 219.487042619 34.2683868119 -0.490792672863
227.015888892 218.258698043 34.1456565262 -0.507026822815
224.233690318 216.998506335 33.9800881873 -0.506463320258
221.39836865 215.709775588 33.8317305443 -0.508790589632
218.487765076 214.344220159 33.7379975161 -0.525954808109
215.526396202 212.845903036 33.7058292861 -0.557142530478
212.557658259 211.185665717 33.7116118752 -0.595058100806
209.614289037 209.360682474 33.7230023127 -0.635167205823
206.714810751 207.369618276 33.7214509224 -0.679191090485
203.880162327 205.197497565 33.7059654335 -0.731308421735
201.153702352 202.840934723 33.6771303285 -0.791219010491
198.608927146 200.352458463 33.6129087701 -0.850311117346
196.323121127 197.837013849 33.4643303041 -0.895919388956
194.314220175 195.376114409 33.199030842 -0.921988375699
192.493219085 192.955886605 32.8663016423 -0.936096170567
190.698572043 190.486610792 32.6014702948 -0.954378732366
188.806079403 187.896962959 32.5307888025 -0.987868265391
186.820844301 185.202124247 32.662869016 -1.03322542721
184.863972374 182.480862691 32.8888809951 -1.07657573105
183.072996158 179.801629803 33.0841665129 -1.10567801087
181.518442735 177.180197662 33.1842443593 -1.11837559263
180.190166933 174.58040497 33.1706970808 -1.12316262825
179.023415879 171.923571721 33.0329204479 -1.13498934055
177.936538536 169.121048749 32.7778762957 -1.16700477225
176.87621009 166.142998488 32.4638610848 -1.22065655364
175.843312119 163.051609977 32.1892623539 -1.28398993047
174.873103318 159.948127389 32.0270723928 -1.34159300513
173.995898006 156.907195255 31.9687695168 -1.38445434066
173.22047947 153.973839733 31.9375548207 -1.4104016766
172.538930947 151.176106892 31.8610391029 -1.4216277774
171.93156682 148.496244729 31.7340548155 -1.42611508012
171.374887386 145.858169534 31.6137077549 -1.43635851414
170.856897254 143.188134019 31.5625503014 -1.46041785101
170.380757413 140.478481832 31.6042426943 -1.49521242956
169.949045591 137.773999052 31.72492856 -1.53098510962
169.553891352 135.128357301 31.8932620749 -1.55904881382
169.186241461 132.597926279 32.0673974481 -1.57333719532
168.841841208 130.229681001 32.2045932685 -1.57129440475
168.511013734 127.999380343 32.2981587428 -1.55989951845
168.176488235 125.78468808 32.4071431766 -1.55657452384
167.835925728 123.456355683 32.6238300788 -1.57647708194
167.519829919 121.005110269 33.0002730538 -1.61866573524
167.271714651 118.556519589 33.5120631688 -1.66747578219
167.108939518 116.259856075 34.0851746546 -1.70583029884
167.007639225 114.169523851 34.6501083306 -1.72606284583
166.922158909 112.221525916 35.1900522139 -1.73197420167
166.818056756 110.309282947 35.7529010259 -1.73391921948
166.697136689 108.379679248 36.4023223895 -1.74070646656
166.594911954 106.456463713 37.1516096679 -1.75441182756
166.543471634 104.5840336 37.9614848653 -1.77214743807
166.53048731 102.770872017 38.8055191925 -1.79120103858
166.499138808 100.983908851 39.7321521046 -1.81147131727
166.385773878 99.1599768766 40.8807537513 -1.83530212534
166.156946263 97.2045162102 42.4393624393 -1.86723499969
165.831758054 95.0227313441 44.5190745832 -1.91157473876
165.490206119 92.6081432271 47.0007198239 -1.9668310212
165.248093107 90.0899083647 49.5351399413 -2.02383499687
165.196321001 87.6389343418 51.7773299418 -2.07244780662
165.35194081 85.3140835739 53.6520590406 -2.1100935687
165.663369607 83.0206621861 55.3905061026 -2.14233805121
166.055314334 80.5994007138 57.3460652446 -2.17660966702
166.472625129 77.9351640632 59.7749868117 -2.21709547643
166.901575503 75.0443909847 62.6701676072 -2.26299581165
167.369812554 72.129452771 65.686920255 -2.30831204679
167.93968605 69.5148135015 68.2590970998 -2.34488824693
168.719943883 67.4641720109 69.8578594525 -2.36917826128
169.896763827 66.0513692688 70.1442590818 -2.38672958294
171.71872421 65.1985865647 68.9381242799 -2.40903937288
174.374194239 64.784238583 66.2156725362 -2.44562836829
177.833436882 64.6883394095 62.2330674501 -2.49855579587
181.817892172 64.7844899661 57.561695195 -2.56292606032
185.932520882 64.9496092947 52.8906626488 -2.63083908804
189.826806353 65.0959310421 48.7659147778 -2.69455444121
193.287669598 65.1851756722 45.4611054506 -2.74829560786
196.288728133 65.2182248937 42.9715176011 -2.790927434
198.998429558 65.2251029037 41.0691040969 -2.828740641
201.68348274 65.2578565309 39.4309382257 -2.87332339769
204.519468654 65.3634224397 37.8311650558 -2.93243601209
207.468900913 65.5465829286 36.2712950657 -3.00213973979
210.362716628 65.7719692038 34.9204450153 -3.07071789566
213.092510114 66.0112335074 33.9306899433 -3.13087984422
215.686480673 66.2737091913 33.3240338549 -3.18475781448
218.208534499 66.5818235495 33.0207688435 -3.23606092108
220.648291816 66.9320192836 32.9116531374 -3.2817652095
222.946969417 67.295113438 32.8941189734 -3.31497688131
225.087910086 67.6457404672 32.8891670057 -3.3328579168
227.111102607 67.9756140123 32.8542331479 -3.33779860245
229.069514215 68.2865753269 32.7787230962 -3.3344116156
231.018474739 68.5890388378 32.6740746866 -3.3297077361
233.013531501 68.9013468883 32.5723827055 -3.33175409174
235.071564398 69.2349749082 32.513192837 -3.34336749961
237.150230786 69.5828778372 32.515242884 -3.35949980586
239.187321326 69.9297028396 32.5633496588 -3.37247671717
241.152173879 70.2677560098 32.6233127998 -3.37805326489
243.058851962 70.5984116871 32.666588876 -3.37695334983
244.940242695 70.925130256 32.6830206903 -3.3724939485
246.816156803 71.250437973 32.6773977109 -3.36746608997
248.687945899 71.5755917972 32.6617674716 -3.3633502403
250.55681939 71.9005996954 32.6512600958 -3.36139075226
252.431593433 72.2255088145 32.6579316854 -3.36250698258
254.314239504 72.5505646715 32.6810373115 -3.36599146754
256.186060033 72.8755496308 32.7027741226 -3.36920380176
258.012231338 73.200261158 32.697987262 -3.36897596205
259.761326199 73.5243265127 32.6533478092 -3.3639542632
261.426312586 73.8454693213 32.5783212479 -3.35582507192
263.031456032 74.1584874367 32.4977468994 -3.34811454837
264.616612451 74.4554638644 32.4375651715 -3.34431061093
266.207879773 74.7295589587 32.4167494502 -3.34655946336
267.800654699 74.9829698534 32.4431648962 -3.35404793027
269.376053701 75.2280440643 32.5111601988 -3.36255523317
270.934929735 75.474770339 32.6059429152 -3.36740025088
272.503643514 75.7214282235 32.7104800977 -3.36683930929
274.099669187 75.9633719464 32.8064780033 -3.36203213434
275.707137359 76.2042202037 32.876663956 -3.35549937183
277.297710666 76.4496099313 32.9153390166 -3.35023497277
278.860032201 76.6964318979 32.9307706895 -3.34761879303
280.394327979 76.9387065905 32.9298741438 -3.34549152183
281.893958722 77.1791955442 32.9108296733 -3.34131996898
283.352827084 77.4242244392 32.8806423721 -3.33785426403
284.78593996 77.6713398852 32.8659901497 -3.34203966264
286.227373712 77.9135993852 32.8898113342 -3.35652920006
287.705561626 78.1519247459 32.9453040538 -3.37455962846
289.223778819 78.3899456942 33.0064263834 -3.38424755162
290.757337345 78.6189268511 33.0524446199 -3.37597793762
292.265072704 78.8233361458 33.0669071648 -3.34627791293
293.719445796 79.0053995902 33.0256388126 -3.30019809821
295.139894935 79.1929382313 32.9093525214 -3.25297885759
296.589683702 79.4166277356 32.7311666611 -3.22511979052
298.131691105 79.6852922452 32.5428829885 -3.23097720522
299.787589617 79.9875031008 32.4103169779 -3.27109706974
301.52859578 80.3100154577 32.3796082298 -3.33331388235
303.289739405 80.6489450708 32.456282414 -3.39800540249
305.00255256 81.0076508143 32.6037088607 -3.4444549546
306.639862271 81.3869086166 32.7613654637 -3.45934329185
308.233806027 81.7740511408 32.8738853658 -3.44400839394
309.840055139 82.1470654147 32.9101645086 -3.41308843448
311.487500868 82.4975888164 32.8659020843 -3.38397040437
313.170773143 82.8442723417 32.7621336044 -3.36591739244
314.882359103 83.2147922793 32.6428899671 -3.35727259482
316.633611642 83.6177389987 32.5618895438 -3.35079415567
318.4418398 84.0360020636 32.5593820972 -3.34093284137
320.309278837 84.4431324457 32.6437520026 -3.32777753687
322.220724348 84.8229039371 32.7892614948 -3.31605028998
324.156035387 85.1760063021 32.9513010997 -3.3104936212
326.099717238 85.5125204806 33.0917096411 -3.31188247328
328.0401485 85.8421530251 33.199962789 -3.31810370438
329.962653583 86.1724235736 33.2988584663 -3.32913032889
331.844973485 86.5124105212 33.4307976884 -3.35016774568
333.665894422 86.8754182798 33.6210989132 -3.38902551331
335.430333522 87.2764475493 33.8266490247 -3.44798779353
337.190224742 87.7212141686 33.9147430112 -3.51511230591
339.027032717 88.1963095451 33.7313495381 -3.5648737039
340.994743752 88.678698552 33.2399108981 -3.57299420051
343.073151811 89.1566075053 32.5987263197 -3.53378613929
345.176569478 89.6293791723 32.0700481582 -3.46293620147
347.205689085 90.0837016913 31.8328921435 -3.38438401819
349.095456998 90.4851912949 31.8845448075 -3.31537924662
350.830682288 90.8023158769 32.1053508287 -3.26193311256
352.432222227 91.0289162828 32.3795696079 -3.22465907931
353.929384722 91.1792149843 32.6480868658 -3.20573701767
355.336123074 91.274079505 32.8920740831 -3.20905363588
356.645394749 91.3394992135 33.1081939346 -3.23508532845
357.840759582 91.4053981799 33.295327081 -3.27770357855
358.90506484 91.4926765037 33.448374633 -3.32570854854
359.808802805 91.6007033116 33.562743805 -3.36705347746
360.490617747 91.7060279367 33.6395881169 -3.39404093371
360.864493576 91.7726194698 33.6795365749 -3.40610094389
