393.093059702 97.3218241097 31.1546570088 2.98244986229 0.0
393.549422364 97.4401467766 31.1725834222 2.96322781833 0.0
394.420924623 97.638693679 31.2231269974 2.93213453494 0.0
395.635319586 97.8744973908 31.3050962563 2.90180957094 0.0
397.115331855 98.1330867016 31.38722686 2.88379343919 0.0
398.80231904 98.4280644175 31.4338850407 2.88094859709 0.0
400.653123599 98.7710352232 31.4381243328 2.8864402155 0.0
402.627130929 99.1499151902 31.4238065229 2.89082492862 0.0
404.696661332 99.5384912527 31.4193308206 2.89021708381 0.0
406.867468107 99.9218185069 31.4330146238 2.88789171633 0.0
409.169741655 100.307627165 31.4523659601 2.8889729159 0.0
411.618911357 100.714228925 31.4616947861 2.89478714281 0.0
414.189767918 101.152266765 31.4550346711 2.90251205207 0.0
416.83425543 101.62020591 31.4326230269 2.90867966956 0.0
419.520873564 102.11367125 31.391717182 2.91172772776 0.0
422.250820152 102.633936753 31.3278960878 2.91210881796 0.0
425.038586599 103.185294159 31.2467750044 2.91159386175 0.0
427.886905943 103.764052373 31.1697960577 2.91261319113 0.0
430.78377281 104.352400138 31.1224220366 2.91677889778 0.0
433.717199433 104.926573229 31.1163532516 2.92307295407 0.0
436.687622532 105.471712135 31.1475065391 2.92801913135 0.0
439.705022085 105.987299604 31.210047584 2.92857911293 0.0
442.771264296 106.48018115 31.3046318266 2.92562163409 0.0
445.862764176 106.957177126 31.4290949673 2.92498032258 0.0
448.936270405 107.426770345 31.5625125966 2.93392313586 0.0
451.961235623 107.90481528 31.6628657315 2.95362747928 0.0
454.947163706 108.410103897 31.6887833887 2.97465662772 0.0
457.933909796 108.948548214 31.6329109318 2.98308963644 0.0
460.95773307 109.50715178 31.5324963144 2.97302796324 0.0
464.031993631 110.069917927 31.439330919 2.95154088258 0.0
467.151169474 110.632281033 31.3821752678 2.93115494988 0.0
470.296022029 111.191371988 31.3634229716 2.91988002116 0.0
473.434478172 111.730477544 31.3814235223 2.91844603629 0.0
476.534123604 112.225835898 31.4405802758 2.92426677217 0.0
479.58512949 112.669628139 31.5405566122 2.93616364599 0.0
482.6126132 113.083907642 31.6615061134 2.95482982061 0.0
485.668079113 113.51338169 31.7572662958 2.97835180495 0.0
488.804725303 114.003942278 31.7642641519 2.99826369578 0.0
492.045260623 114.579772439 31.6362961986 3.00323143802 0.0
495.360769032 115.229471428 31.3905152411 2.98898731658 3.45617557259e-11
498.687224635 115.909333597 31.1156535514 2.96337303272 4.04496995543e-10
501.975790051 116.567157036 30.9174225543 2.93989784087 2.80130222024e-09
505.229174098 117.172336749 30.8467251508 2.92733461127 1.46834253859e-08
508.486176027 117.728025712 30.8767834497 2.92529158145 6.22890375292e-08
511.776714096 118.260261818 30.9389995751 2.92705010196 2.20011915105e-07
515.09905422 118.799073773 30.9771494946 2.92529978757 6.59962482364e-07
518.437363106 119.363192719 30.9811645036 2.91643301876 1.71302522731e-06
521.790164402 119.9512887 30.9834088 2.90173209174 3.92280578762e-06
525.17236961 120.545657963 31.0211331668 2.88628316529 8.0839154663e-06
528.587795446 121.130319561 31.0940894565 2.87655938517 1.5282461659e-05
532.008565708 121.707354833 31.1595837727 2.87706704191 2.69709066207e-05
535.393406833 122.293324824 31.1718356621 2.88808470593 4.50959920895e-05
538.728303147 122.901211916 31.1226146888 2.90638312801 7.22755640099e-05
542.043051987 123.529670802 31.0418245815 2.92740688768 0.00011201262038
545.384631907 124.16746175 30.966966929 2.94676779829 0.000168947135447
548.778321744 124.800646729 30.9202351453 2.96153083788 0.000249166417721
552.218916072 125.414185471 30.9097818367 2.97110325042 0.000360605230675
555.692558796 125.99522517 30.936914011 2.97671190542 0.000513554621692
559.194773321 126.540265937 30.9921551276 2.98041577395 0.000721272142207
562.726369004 127.05738101 31.0482600862 2.98386205075 0.0010006719058
566.282867287 127.560967204 31.0666864012 2.98600424025 0.0013730809868
569.854699102 128.066552408 31.0176703781 2.98237133252 0.00186506126998
573.43371632 128.589726734 30.8963973717 2.96964007726 0.00250929460752
577.015444958 129.144566245 30.7217610261 2.95142837619 0.00334551513869
580.598418395 129.739182811 30.5243666048 2.93653352415 0.00442145659123
584.184304292 130.374839326 30.3362217144 2.9307334959 0.00579376964609
587.778054518 131.052570372 30.1842282679 2.93262633314 0.00752885413614
591.387510081 131.776662527 30.0854902769 2.93748110602 0.00970354153467
595.019839795 132.54413934 30.0441679754 2.94282118635 0.0124055549656
598.673977823 133.332288131 30.050033336 2.94981566202 0.0157336679947
602.340176244 134.10596763 30.0818458843 2.95989825594 0.0197974810642
606.014721162 134.840849747 30.116697127 2.97025840603 0.0247167367689
609.712820596 135.536143861 30.1386139655 2.97382878592 0.0306201032169
613.459005076 136.205622753 30.1423365593 2.96531998346 0.0376433691692
617.265067229 136.863222581 30.1351713448 2.94698519008 0.0459270158348
621.121745501 137.51845951 30.1366305914 2.92725615702 0.055613157952
625.009282361 138.178775332 30.1686155738 2.91398174202 0.0668418804647
628.910818501 138.852371991 30.2369030784 2.91018163192 0.0797470356291
632.817160655 139.547410791 30.3197602633 2.91574174561 0.094451607495
636.724767192 140.263958276 30.3805787479 2.92965196573 0.111062794205
640.632697807 140.987397254 30.3981175755 2.94848535603 0.129666999505
644.541032449 141.697385842 30.3831006683 2.96520244674 0.150324954314
648.451172098 142.384169061 30.3623651612 2.97279596012 0.173067215912
652.368083606 143.05159789 30.3522903546 2.96957939573 0.197890300661
656.304600677 143.707180672 30.3516110372 2.96010913539 0.224753671985
660.284635499 144.354152974 30.353461235 2.95102436512 0.253577655161
664.338189619 144.988885076 30.3580904127 2.94625603521 0.284242176563
668.485024904 145.603692922 30.3763919502 2.94641757951 0.316586390649
672.718182025 146.198705911 30.4202972846 2.95154667061 0.350409864747
677.005443209 146.7931016 30.4810914742 2.96201343666 0.385476254789
681.311643029 147.417480513 30.5222374969 2.9753271868 0.421519569461
685.620764891 148.089850289 30.511826317 2.98374692864 0.458251960331
689.934672322 148.80167796 30.4580247029 2.97893665756 0.495371870029
694.254618501 149.533217792 30.3929649676 2.96084163648 0.532572182047
698.57596893 150.280785889 30.3307985366 2.93991586357 0.569548542263
702.902498496 151.060533593 30.2653026241 2.92827729797 0.606007876721
707.248722385 151.883237193 30.1974222684 2.92913169265 0.641676821717
711.61744351 152.732313534 30.1411697945 2.935732987 0.676309672739
715.98397379 153.572011748 30.1136991397 2.93938203785 0.709695502311
720.308668954 154.377867976 30.1414587379 2.93619029774 0.741664167997
724.559228882 155.1594301 30.2635578454 2.92649636305 0.772091004237
728.720507273 155.953948367 30.5034079229 2.91129441352 0.800900054477
732.794096741 156.79892974 30.838089733 2.89125869506 0.828065767376
736.796564288 157.712953684 31.2110749943 2.86759873787 0.853613143876
740.752133876 158.700275647 31.5722675011 2.84239883897 0.877616379152
744.677108836 159.764435969 31.8969947434 2.81860903557 0.900196093373
748.572724719 160.910392865 32.1803349502 2.7982396022 0.921515286316
752.436259489 162.137921834 32.4332711063 2.77864229292 0.941774180236
756.269039281 163.442788874 32.678482199 2.752406483 0.961204127694
760.060609193 164.825733896 32.9286359056 2.71438223342 0.980060757761
763.768236095 166.293732288 33.1626464968 2.66881566409 0.99861653103
767.325503149 167.853620371 33.3297021427 2.62709086284 1.0171528891
770.67703001 169.513389013 33.3745576448 2.59815414464 1.03595220963
773.806823561 171.286715874 33.2550411448 2.58231268798 1.05528978579
776.743554441 173.180015535 32.9552201588 2.57267545198 1.07542603132
779.548582328 175.170627908 32.5147197527 2.55949715142 1.09659909212
782.290569275 177.21194955 32.0470641362 2.53403445219 1.1190180436
785.009296939 179.269714341 31.6956661172 2.49276746978 1.14285686696
787.688284214 181.347594878 31.546415053 2.44088109669 1.1682494138
790.265168392 183.473930624 31.5812401875 2.39092543724 1.19528556703
792.682327765 185.671500281 31.7134876873 2.35515709105 1.22400877469
794.937693356 187.941393083 31.8606461446 2.33621691699 1.25441508131
797.087597831 190.262750269 31.9920441165 2.32471054978 1.2864537333
799.198803971 192.599875969 32.1259131216 2.30837444812 1.3200294013
801.299819756 194.915880404 32.29019315 2.28534052375 1.35500602166
803.375951694 197.189061486 32.4819855813 2.26681990829 1.39121219082
805.403669005 199.422898399 32.6604712972 2.26460985994 1.42844794924
807.383755107 201.644514776 32.7775893339 2.27706305337 1.46649269136
809.337106478 203.893361407 32.8090140664 2.29008881104 1.50511388875
811.269681132 206.205562337 32.7476372823 2.2908993492 1.54407636184
813.156358256 208.601193245 32.5821634321 2.27667357633 1.58315191105
814.9737504 211.073949132 32.3227055611 2.25072951319 1.6221290319
816.742901259 213.579401244 32.0625053148 2.21731720093 1.66082214218
818.520647614 216.045256488 31.9609433006 2.18207639196 1.69907953363
820.338046306 218.426244228 32.0969879863 2.15151664495 1.73678942996
822.153230144 220.758617644 32.3449156238 2.12833737904 1.77388394846
823.879922537 223.138283677 32.4561865154 2.10987666403 1.81034103569
825.471163241 225.628020397 32.2916026498 2.09346113843 1.84618445739
826.97019155 228.191508527 31.9543035299 2.08144237445 1.88148186528
828.47035235 230.726289106 31.6859761559 2.07881892016 1.91634100224
830.023060267 233.159200574 31.6431657557 2.08663525387 1.95090423316
831.587473972 235.51412741 31.7692942434 2.09894762803 1.9853417158
833.069937018 237.905055532 31.865319502 2.10518904551 2.01984360211
834.404887927 240.475708659 31.7724740153 2.09401769028 2.05461169091
835.59168012 243.336994986 31.4883671094 2.05560289309 2.08985096615
836.65809464 246.533965743 31.1247099135 1.98332161617 2.12576146231
837.597681075 250.035047209 30.7807960346 1.87748105564 2.16253088538
838.347454335 253.730415888 30.4696140773 1.74971002379 2.20032837463
838.829146123 257.457754134 30.1505230284 1.62159020998 2.23929971653
839.011239781 261.069458064 29.8066672526 1.5144016693 2.27956422976
838.925450146 264.499782741 29.4750422027 1.4374659644 2.32121343501
838.625045172 267.778653843 29.2091660046 1.3848938545 2.36431151345
838.139504678 270.9903772 29.0345760484 1.34204496558 2.40889744839
837.473996419 274.207382541 28.9464150964 1.29673823467 2.45498864303
836.641802682 277.432308441 28.9277660845 1.24834811635 2.50258571929
835.684366424 280.594192489 28.9549510573 1.20673185224 2.55167813436
834.654774077 283.618110782 29.0021255845 1.18062288671 2.60225020768
833.582631326 286.503871291 29.0580382536 1.16905246482 2.65428713376
832.45710715 289.329109284 29.1301626412 1.16626044084 2.70778056662
831.24688491 292.186001335 29.2260179701 1.17031128426 2.76273339805
829.941392694 295.128711509 29.3396007014 1.18175227901 2.81916341151
828.575749423 298.165243714 29.4564016401 1.19648641429 2.8771055756
827.212050071 301.269027778 29.5626790718 1.20534126786 2.93661284315
825.892785903 304.393650119 29.6522968171 1.20164758065 2.99775543908
824.615171253 307.496968847 29.7328391411 1.18788633717 3.0606187301
823.349994073 310.568378073 29.8247742737 1.1743348605 3.12529985348
822.075025562 313.63645846 29.9524100187 1.17092203042 3.19190333537
820.785952244 316.748430335 30.1362398374 1.17931148596 3.26053596915
819.486460356 319.937469025 30.3887658308 1.19162661702 3.33130127196
818.178229194 323.201691282 30.7078722179 1.19665599167 3.40429390827
816.857066643 326.50942677 31.0709692534 1.18890452711 3.47959450357
815.515622115 329.825393653 31.4368788302 1.17312976571 3.55726516239
814.155001081 333.135473935 31.755724117 1.15977721258 3.63734564088
812.79428453 336.448420671 31.9873523634 1.15511229949 3.71984975087
811.459745602 339.775685991 32.1257369582 1.15605574752 3.8047618336
810.156960438 343.115095135 32.2065810307 1.1551492964 3.89203415685
808.855853334 346.458141548 32.281192437 1.14970620943 3.98158661555
807.513630711 349.808283847 32.3811846224 1.14459464646 4.07330902603
806.117224844 353.180344259 32.5091280206 1.14615189797 4.16706469453
804.696723006 356.577385299 32.6514254942 1.15529236874 4.2626937507
803.294512294 359.978293351 32.788722574 1.16734705258 4.36001585063
801.929655827 363.358030987 32.898668002 1.17630619583 4.45883267594
800.593547038 366.71297907 32.9603178849 1.17771668244 4.5589305847
799.265815529 370.056375608 32.9625877727 1.17032744367 4.66008339899
797.927006436 373.39465064 32.9128519019 1.15789353841 4.76205514911
796.56742397 376.718750842 32.8386486145 1.14762149234 4.86460263996
795.19400141 380.016312907 32.7750811909 1.14454869095 4.96747780491
793.826440294 383.282098612 32.7454186449 1.14796162079 5.07042988984
792.483271742 386.515126478 32.7526437035 1.153929528 5.17320753601
791.174198435 389.714715566 32.7850514002 1.16004883192 5.27556084048
789.905646559 392.883430444 32.8270891854 1.1665010628 5.37724347292
788.684626155 396.025489565 32.8691376859 1.17344853728 5.47801492535
787.510028835 399.138085034 32.910365379 1.18029100822 5.57764295828
786.367812403 402.21408204 32.9500091733 1.18935777936 5.67590627153
785.249082886 405.258851017 32.971033552 1.20831908647 5.77259737042
784.175429136 408.295701963 32.9253418863 1.24497045438 5.86752554429
783.194717063 411.349570596 32.7351868604 1.2979426349 5.96051984763
782.340210312 414.430315168 32.325387802 1.35354491464 6.05143196325
781.591239286 417.528775977 31.6744333727 1.39261294192 6.14013880152
780.873326358 420.619877127 30.8442333409 1.40089296894 6.22654464984
780.094546897 423.67512736 29.9654959001 1.37466275248 6.31058266394
779.183732854 426.687910442 29.1978606677 1.31895458983 6.3922155151
778.0997123 429.690292954 28.6937684638 1.24109500902 6.47143506591
776.814344068 432.732750755 28.5725150256 1.14508165061 6.54826101607
775.307039367 435.830425515 28.8938985853 1.03301001002 6.62273851492
773.597546936 438.911706176 29.6167837875 0.914521025866 6.69493477965
771.778962874 441.820268969 30.5578263035 0.813191706494 6.76493480832
769.984543981 444.400352574 31.4169587903 0.756545686924 6.83283635274
768.291626408 446.619417761 31.9135765614 0.753937793653 6.89874440852
766.656797513 448.611176183 31.9490680384 0.785759424763 6.96276555055
764.955465925 450.579954629 31.6440185801 0.818094068283 7.02500246336
763.081558057 452.660826894 31.2219305413 0.827144594368 7.08554899347
761.000484622 454.868480073 30.8639990072 0.808149613082 7.14448599577
758.720988629 457.136817147 30.6433774153 0.766545732061 7.20187818537
756.243266688 459.367356371 30.5400003709 0.707573634959 7.25777216569
753.542585243 461.461182896 30.4941287281 0.633470492444 7.3121958614
750.593697432 463.353456612 30.4665221964 0.545389832353 7.36515973868
747.408730904 465.032427627 30.4671907369 0.446944192887 7.41666013587
744.061874331 466.516296145 30.5251692383 0.348118646335 7.46668440584
740.682002046 467.812857144 30.6275569986 0.264687080275 7.5152168028
737.397576192 468.909539254 30.7018736306 0.208552290041 7.56224411121
734.254392355 469.797618073 30.6738782176 0.176114073487 7.60776089885
731.185682263 470.493858142 30.5405576125 0.150459836216 7.65177477541
728.083516829 471.033732594 30.3709738533 0.119386126716 7.69431162168
724.895481563 471.452736556 30.2352826599 0.0874842351494 7.73542018489
721.642694101 471.782205545 30.1487419957 0.0661104972393 7.77517537305
718.368519632 472.055951614 30.0887378678 0.0566416771705 7.81367985688
715.098574942 472.303881902 30.0463176253 0.0511224449811 7.8510638372
711.840111731 472.533858269 30.0437415173 0.0460797150385 7.88748296707
708.595791834 472.729494075 30.1100956376 0.0471232438473 7.92311450958
705.370791385 472.873632148 30.252422992 0.0588814504135 7.95815189709
702.168778861 472.972643721 30.4412160206 0.0757146383662 7.9927979485
698.981489328 473.058438504 30.6124898798 0.0849788814791 8.02725707879
695.787769071 473.169668667 30.6960453622 0.0786678705525 8.06172689836
692.566920465 473.326960176 30.6639573936 0.0608112057546 8.09638964776
689.311195132 473.517695176 30.5581900758 0.0434045468436 8.13140393713
686.029461979 473.703535084 30.4654403774 0.035852905753 8.16689724419
682.748300245 473.847339816 30.4573543333 0.0381632925171 8.20295956553
679.504572254 473.936292968 30.546268393 0.0427950122706 8.23963853503
676.320167927 473.983507589 30.6885798446 0.0423479533368 8.27693624581
673.181400455 474.015490121 30.8253293818 0.036408910085 8.31480793804
670.052633265 474.06182983 30.9226769596 0.032077825089 8.3531626263
666.907815633 474.149273257 30.9854464185 0.0382921229483 8.39186563142
663.743893003 474.291685919 31.0417684049 0.0583722585789 8.43074286283
660.57538466 474.477582769 31.1118355583 0.0854510008823 8.46958658758
657.427054115 474.671910156 31.1826319399 0.104840746107 8.50816234118
654.320162931 474.840113708 31.2153016367 0.104493656973 8.54621659599
651.25237285 474.975820364 31.1839324821 0.0857912794647 8.58348479677
648.195466193 475.104633213 31.1049318914 0.0631476469906 8.61969937973
645.121809869 475.25909598 31.0256841256 0.0517931872783 8.65459739741
642.036084186 475.447214497 30.9882996736 0.0556211029825 8.68792738376
638.981987522 475.643084006 31.0012743728 0.065494197562 8.71945513573
636.010229974 475.808729646 31.0378296287 0.0684004278896 8.74896817449
633.128984397 475.926304255 31.0617615164 0.0592097034812 8.77627876633
630.287353889 476.011974063 31.0570519703 0.0444190809482 8.80122549004
627.41345929 476.103948539 31.0323063473 0.0348329324124 8.8236733975
624.465288592 476.236674519 31.0038857329 0.0353164702608 8.84351282267
621.445899239 476.416499106 30.9832132289 0.0412964505106 8.86065692035
618.382806152 476.614771495 30.9759586722 0.0440310790826 8.87503819187
615.302947783 476.788320289 30.9838160949 0.0392351511594 8.88660468431
612.224338777 476.91273848 31.0069821186 0.0311965169823 8.89531689201
609.158251081 476.999513586 31.0496465581 0.0291545066738 8.90114590026
606.108851812 477.085936759 31.121685443 0.0398308676074 8.90407202452
603.075137866 477.209459829 31.2264872713 0.0614977627257 8.90408263651
600.060227893 477.381998255 31.3420881808 0.083118045104 8.90116907746
597.071102876 477.579556687 31.4207554081 0.0909307203159 8.89532409561
594.099070365 477.758354455 31.4213366333 0.0794195606802 8.88654115298
591.110047116 477.886615651 31.3480824174 0.0561251125664 8.87481563372
588.071026643 477.963956414 31.2534663538 0.0349292840401 8.86014714581
584.986074493 478.016565087 31.2009191115 0.0256135242585 8.84254220258
581.895655403 478.081199184 31.2228126579 0.0291156486595 8.82201691817
578.841289899 478.189312216 31.301859006 0.0389098333222 8.79859949105
575.837428673 478.351763189 31.3823795638 0.0455122003538 8.7723322566
572.874221449 478.550797679 31.4093290776 0.0423804283536 8.74327311502
569.937101573 478.75322297 31.3739900171 0.0295131135243 8.71149619179
567.022006558 478.939554145 31.3259732852 0.0111631620114 8.67709163067
564.139311153 479.11882893 31.3356854548 -0.00931208572551 8.64016445026
561.306749244 479.310592805 31.440430934 -0.0310737136187 8.6008324576
558.53414984 479.51464804 31.6200260875 -0.0533520185898 8.55922330554
555.81158284 479.704152847 31.8169159593 -0.0737190523654 8.5154708787
553.117015987 479.848125733 31.9785922557 -0.0895654547479 8.46971127437
550.439459603 479.935571514 32.0859551194 -0.100273353061 8.42207870592
547.790375355 479.977707275 32.1502769521 -0.107203880144 8.37270168949
545.189092419 479.993771541 32.1930506633 -0.111848835405 8.3216998697
542.645431174 479.998590908 32.2331367121 -0.113918444237 8.26918179892
540.16941172 479.99955345 32.2876289868 -0.110114389008 8.21524392847
537.799386648 479.998677645 32.3718066519 -0.0938989813547 8.15997101207
535.597857645 479.993728216 32.4788532175 -0.0586077325917 8.10343805486
533.579139182 479.975328521 32.5421737018 -0.0058742288075 8.04571385137
531.622067024 479.919826619 32.4245289347 0.0462518747087 7.98686604032
529.485664274 479.780258419 31.9865404158 0.0673584439302 7.92696746895
526.949524783 479.476750873 31.2161886374 0.0322166246802 7.86610352841
523.928034022 478.882294635 30.3165414604 -0.0660310450988 7.80438003117
520.429897004 477.805406978 29.6759352447 -0.222024221457 7.74193116598
516.474776223 476.018093129 29.7324404025 -0.431078631885 7.67892705542
512.168667273 473.404599773 30.7599439819 -0.684663708978 7.61558042565
507.889513653 470.19442974 32.617731974 -0.950038501588 7.55215189544
504.277625247 467.034741007 34.6571311804 -1.16513556105 7.4889534392
501.879716633 464.674663765 36.0268924681 -1.2699094211 7.42634967153
500.72997191 463.434223117 36.2558007769 -1.25194147626 7.36475678195
500.303043881 462.963641346 35.5757745781 -1.15990315493 7.30463916472
499.912238521 462.560250844 34.6491639195 -1.06674232901 7.24650394092
499.168238781 461.721397709 34.0128094529 -1.0170341405 7.19089328141
498.100749344 460.408213046 33.7865404956 -1.00731653889 7.13837364964
496.93698872 458.862394866 33.7879315748 -1.01008815416 7.08952091579
495.832073795 457.254375333 33.7886957626 -1.00970653851 7.04490211783
494.784649369 455.520587804 33.6666326379 -1.01529080631 7.00505712201
493.727820834 453.486624481 33.4258692904 -1.04610265328 6.97048315243
492.646485869 451.083223872 33.1540095118 -1.11084976005 6.94162209253
491.609494609 448.433480304 32.9561243708 -1.20007242559 6.91884862541
490.713529572 445.770541728 32.8913635894 -1.2936208381 6.90245844893
490.006216372 443.275878521 32.9569937101 -1.37545843994 6.89265755216
489.461030924 440.966677131 33.1267132962 -1.44437785843 6.88955384914
489.019708584 438.739865422 33.3821560104 -1.51004174054 6.89315184825
488.650896656 436.53049585 33.6944818792 -1.57790513925 6.90335052708
488.363262471 434.390418368 34.0011487462 -1.64133096681 6.91994439539
488.17175585 432.404691917 34.2282173489 -1.68946079912 6.94262763561
488.068794594 430.58895926 34.3302253298 -1.71815934726 6.97100113311
488.029126625 428.890239842 34.3005404752 -1.73156621238 7.00458210021
488.032564052 427.247814269 34.1571604793 -1.73652464798 7.04281592105
488.078003386 425.628860227 33.9298800314 -1.73817982262 7.08508978763
488.180205465 424.024314816 33.6525832765 -1.73949331354 7.13074764575
488.355187684 422.426148288 33.3560196461 -1.74281717536 7.1791059183
488.607903994 420.805211512 33.0672688621 -1.75143278622 7.22946944406
488.934093791 419.111373574 32.8157084105 -1.76956811628 7.28114708367
489.329728307 417.305142512 32.6341786195 -1.80027856647 7.33346649556
489.792130299 415.397470066 32.5454615954 -1.84246928455 7.38578765647
490.31725686 413.456167728 32.5355971242 -1.89024691284 7.43751477276
490.908175861 411.566942162 32.5383358565 -1.93614475391 7.48810629425
491.581347326 409.78890545 32.4648738224 -1.97523276176 7.53708280921
492.345064545 408.14896272 32.2683728285 -2.00569623597 7.58403268625
493.176092844 406.658034246 31.9678344548 -2.02692233167 7.62861543651
494.051046348 405.295052199 31.5863126616 -2.04088166716 7.67056287416
495.01309634 403.968400063 31.0784063077 -2.05690968631 7.70967823028
496.167907488 402.541414609 30.3641082191 -2.09014737417 7.7458334244
497.571456807 400.94400593 29.4534503013 -2.1488332711 7.77896473281
499.135327595 399.250326657 28.5027886134 -2.22340636148 7.80906712553
500.681801957 397.61737739 27.7133251636 -2.29279800772 7.83618758254
502.097156293 396.150680467 27.1819430746 -2.34253325813 7.86041772963
503.414428751 394.839553689 26.860147439 -2.3748076681 7.88188613143
504.75535247 393.602387278 26.6337237049 -2.40209369524 7.90075053844
506.212664512 392.372465696 26.4205957873 -2.43402042595 7.91719033306
507.783736826 391.148018357 26.2052400853 -2.4701493673 7.93139937535
509.399057807 389.97667663 26.0108381749 -2.50331224822 7.94357940877
511.011452594 388.891418797 25.8630404288 -2.52991391178 7.95393415102
512.667483616 387.854514134 25.787193136 -2.55818347494 7.96266420071
514.487306034 386.774728288 25.820947983 -2.60450794399 7.96996294714
516.557026721 385.596506352 25.9943697285 -2.67868397162 7.97601364103
518.828184558 384.371119458 26.2844831896 -2.77189774767 7.9809874941
521.127522654 383.227749728 26.6123695367 -2.86022743022 7.98504231312
523.278355699 382.276058246 26.9084176791 -2.92062678949 7.98832124888
525.226981503 381.539050936 27.1716273827 -2.94519767139 7.99095178387
527.068851006 380.959263913 27.4515436578 -2.94389950047 7.99304542042
528.972408094 380.44472169 27.7874947022 -2.93724564787 7.99469826401
531.074837311 379.918150008 28.182620016 -2.94519001203 7.99599224924
533.411290591 379.355507683 28.6224581626 -2.97655994859 7.99699661714
535.908208242 378.791663535 29.0917943709 -3.02449091112 7.99776938451
538.44393996 378.282413628 29.5690482197 -3.0728190473 7.99835870665
540.931435973 377.861235665 30.0187180344 -3.10854694202 7.99880412795
543.360068104 377.533750937 30.3991759696 -3.12872703536 7.99913774843
545.779038894 377.297237747 30.6798198041 -3.13776122658 7.99938532321
548.251480895 377.149168254 30.8539055879 -3.14167652943 7.99956728558
550.812023881 377.083838695 30.9376805362 -3.14533050936 7.99969967381
553.448985478 377.094475083 30.958636663 -3.15257058186 7.99979494682
556.114864704 377.177958841 30.9453320473 -3.16595159191 7.99986268525
558.753045867 377.327834249 30.9252640723 -3.18445419611 7.99991018279
561.323969082 377.521868954 30.9216798009 -3.20185965892 7.99994293748
563.824865408 377.72626309 30.9425202904 -3.21078215316 7.99996505529
566.296578802 377.921264195 30.9739341835 -3.21131596704 7.99997957942
568.804452213 378.122676403 30.9911159117 -3.21448422731 7.99998875832
571.394815159 378.375049617 30.9722785853 -3.23359543255 7.99999425955
574.057450644 378.723481746 30.8953432229 -3.27115448565 7.9999973281
576.730941033 379.188563066 30.7298953059 -3.31537237682 7.99999888716
579.353448095 379.754965926 30.455445807 -3.34924794762 7.99999959281
581.912250637 380.370551704 30.0991989869 -3.36190775811 7.99999987141
584.443606175 380.960238405 29.7446325415 -3.35264156397 7.99999996556
586.992561526 381.460328262 29.4888981459 -3.32821467985 7.99999999233
589.583116217 381.854104168 29.388874071 -3.29875651846 7.99999999863
592.218067688 382.174742408 29.4420211449 -3.27466967188 7.99999999982
594.887160405 382.472470967 29.601295334 -3.26400625526 7.99999999999
597.573170018 382.782172437 29.7997430008 -3.2697183594 8.0
600.264783768 383.119620556 29.9753570766 -3.28784635568 8.0
602.967022105 383.493018916 30.0940076379 -3.30961903926 8.0
605.688604939 383.906099518 30.1586706679 -3.32735161967 8.0
608.417323302 384.353815542 30.1975987927 -3.33879760094 8.0
611.119947411 384.823147195 30.2408299841 -3.3459250377 8.0
613.775441141 385.298611497 30.3000381677 -3.35058295615 8.0
616.400184405 385.76475295 30.3628167381 -3.3523807402 8.0
619.028129012 386.207017526 30.4069685869 -3.35066235787 8.0
621.672443276 386.617606412 30.4261390837 -3.34752472128 8.0
624.32674721 387.003801804 30.4389254767 -3.34689332174 8.0
627.001184029 387.384672086 30.4661086113 -3.34969228279 8.0
629.728689077 387.771179882 30.5022590418 -3.35138138902 8.0
632.525073815 388.147769765 30.5207261569 -3.34583820351 8.0
635.36048835 388.476663347 30.5110222491 -3.33156791313 8.0
638.182833431 388.722736217 30.5034950737 -3.31329973137 8.0
640.961589646 388.876322165 30.5482791115 -3.29760713642 8.0
643.698284187 388.95608197 30.6704105788 -3.28783484808 8.0
646.400183734 388.995083733 30.8496311901 -3.28329832887 8.00000000006
649.058975203 389.027547149 31.0442854993 -3.28170601678 8.0000000006
651.656092439 389.084515121 31.2319948685 -3.28126555781 8.00000000395
654.178706265 389.19012919 31.4233717932 -3.28108964773 8.00000002
656.633093741 389.349423509 31.6355335591 -3.28064327884 8.0000000822
659.052696755 389.536120209 31.8572291987 -3.27903626721 8.00000028144
661.490823771 389.698289326 32.0453526898 -3.27435417062 8.00000081917
663.995953001 389.781648804 32.1563422271 -3.26357309672 8.00000206764
666.592921955 389.750301138 32.1804876131 -3.24350178936 8.00000461905
669.288700931 389.590201898 32.1506271234 -3.21190034086 8.00000932139
672.094851957 389.298250119 32.1214119927 -3.16681802054 8.00001732421
675.036986872 388.868591015 32.1346889882 -3.10539153743 8.00003016441
678.122577751 388.290786927 32.1966511505 -3.02664769716 8.00004990466
681.292278135 387.564283461 32.2854096584 -2.93694096164 8.0000793175
684.428269268 386.708818637 32.378978685 -2.84905499439 8.00012210522
687.42833791 385.751041746 32.4717051194 -2.7733106563 8.0001831596
690.257574387 384.701604318 32.5633956436 -2.71152315497 8.00026888512
692.931826165 383.546914985 32.6429432137 -2.6597269872 8.00038761737
695.482654232 382.257236578 32.6931527012 -2.61318774574 8.00055015229
697.937607555 380.803866505 32.708347245 -2.56859625512 8.00077037443
700.303608547 379.175091722 32.6972524916 -2.52469352947 8.00106596071
702.56115734 377.372737235 32.6686455598 -2.48157760019 8.00145914834
704.684440887 375.389214507 32.6177016815 -2.43812088371 8.00197756853
706.661949991 373.201892557 32.5233161826 -2.39077949185 8.00265514312
708.493075769 370.801450418 32.3534175905 -2.33573936213 8.00353302539
710.176145528 368.216655535 32.0767589863 -2.27138833113 8.00466054983
711.710026269 365.498060153 31.6815550702 -2.19843061032 8.00609614402
713.102363566 362.679217498 31.1957017718 -2.11905704422 8.00790814562
714.36445957 359.768244319 30.6945289877 -2.03745654808 8.01017545853
715.492196634 356.782084939 30.2766371509 -1.96047010794 8.01298797558
716.45808995 353.772807872 30.0114095377 -1.89540421816 8.0164466921
717.233196634 350.806018569 29.9048589858 -1.84571523926 8.02066345004
717.818524372 347.921851301 29.9191456282 -1.80938092471 8.02576028636
718.247452241 345.130352323 30.0133095614 -1.78210035671 8.03186838293
718.557019704 342.433846919 30.1578541306 -1.76102381414 8.03912652786
718.766731343 339.8331388 30.3292717286 -1.74430074851 8.04767874717
718.883417447 337.310907137 30.5056414674 -1.72781230434 8.05767063419
718.908303559 334.818230155 30.6607527566 -1.70393020632 8.06924436066
718.828330222 332.280302741 30.759142673 -1.66422886482 8.08253319663
718.610568085 329.624478538 30.7782149959 -1.60398184168 8.09765655735
718.22435911 326.819690799 30.7513973204 -1.524779569 8.11471575845
717.676747278 323.898115935 30.7835328748 -1.4338251078 8.13378987109
717.018639593 320.931941531 31.0158343913 -1.34052800048 8.15493125583
716.308831674 317.977356076 31.5755886662 -1.2512628251 8.17816103488
715.575718537 315.043731144 32.5386594516 -1.16602203263 8.20346507903
714.813548397 312.136872866 33.8838040902 -1.08294139679 8.2307909552
714.003949127 309.322442526 35.4564975494 -1.00698622997 8.26004607085
713.134250772 306.698757394 37.0259077223 -0.949455143929 8.29109714697
712.196424631 304.297102849 38.4238938933 -0.916420182985 8.32377110452
711.162901156 302.050806574 39.6090927615 -0.900621980051 8.35785740341
709.948700527 299.875227173 40.5663995622 -0.885917131002 8.3931118091
708.393166547 297.752426052 41.1627440406 -0.8571386209 8.42926148832
706.308206948 295.739122242 41.1476421812 -0.80589806015 8.46601126332
703.59516229 293.924684264 40.3328828642 -0.732064110382 8.50305078906
700.338461822 292.384401598 38.7831507454 -0.643380003913 8.54006236475
696.770294492 291.139163963 36.8229063133 -0.552078531335 8.5767290542
693.133288864 290.139618322 34.8506724374 -0.469215430257 8.61274277141
689.579692986 289.296449373 33.1434162882 -0.401423108532 8.64781199023
686.168217146 288.536250797 31.7985911345 -0.351368667281 8.68166875891
682.891275912 287.831990786 30.7878330209 -0.317874152806 8.714074741
679.680261486 287.186732844 30.0295677584 -0.294473744601 8.74482606
676.422002711 286.600497176 29.4417355126 -0.270511429183 8.77375679198
673.017531578 286.055511502 28.9771748104 -0.236939385768 8.80074102448
669.442694879 285.524295207 28.6354298968 -0.192353044529 8.82569347423
665.750892213 284.985832358 28.4410167907 -0.143309534262 8.84856872794
662.021816403 284.438874675 28.4014364228 -0.0992404150356 8.86935923358
658.311914715 283.903847165 28.4806784522 -0.0676485888818 8.888092221
654.638815894 283.406232131 28.6142181499 -0.0531472440107 8.90482576839
650.988263994 282.951850964 28.7500392645 -0.0579463051481 8.91964425312
647.328983137 282.520593339 28.8713349063 -0.0808567013734 8.9326534323
643.627953354 282.08620053 28.98098687 -0.11572063639 8.94397539039
639.853741718 281.63868761 29.0762909438 -0.152168470773 8.95374357145
635.970112398 281.188576607 29.1437069929 -0.179575098925 8.96209808302
631.943422378 280.755812553 29.1679955124 -0.191235896518 8.96918142231
627.771435593 280.355138963 29.141362779 -0.185894299511 8.97513473337
623.505905612 279.986383385 29.072108244 -0.16781271593 8.98009465995
619.236170424 279.634789209 28.9884723327 -0.146247480261 8.98419081857
615.037875659 279.278238598 28.926172131 -0.130725250976 8.98754389237
610.92967681 278.89344151 28.9067562271 -0.123488997641 8.99026435003
606.873874037 278.465141271 28.9252719226 -0.119038164587 8.99245179503
602.815343105 278.001009563 28.9544648604 -0.113324379007 8.9941948768
598.726107658 277.5319572 28.96350364 -0.110162547455 8.99557155622
594.625190699 277.084919469 28.942113837 -0.116576631032 8.9966494854
590.563612883 276.658047291 28.9106221613 -0.135419348769 8.99748644017
586.590625352 276.228920906 28.9057777214 -0.16402823142 8.99813093439
582.72824844 275.780428521 28.9525902917 -0.19599760183 8.99862310451
578.964265878 275.311712032 29.0410117349 -0.222181209463 8.99899577192
575.260728281 274.830799998 29.1265866118 -0.234196638882 8.99927551197
571.575863583 274.345740503 29.1618252388 -0.230663813436 8.99948362472
567.889392209 273.862992716 29.1354881891 -0.219031025879 8.99963699154
564.210926026 273.390442687 29.0843460481 -0.209933110621 8.99974884157
560.567519974 272.938841776 29.0663559557 -0.209509128996 8.99982944525
556.987331685 272.516928792 29.1151521518 -0.216129264361 8.99988672851
553.490632275 272.122310981 29.2108015663 -0.222967302708 8.999926789
550.08511525 271.739556847 29.2944004299 -0.22335819694 8.99995431444
546.762765828 271.353589572 29.3147073826 -0.214654249815 8.9999729301
543.501221682 270.966714944 29.2617651035 -0.199041850204 8.99998550534
540.273027362 270.597762427 29.1610458915 -0.182273089003 8.99999442495
537.060648791 270.258557937 29.0475626821 -0.170803098178 9.00000181078
533.867941368 269.930492837 28.9472627712 -0.167612925923 9.00000968712
530.716577471 269.569919376 28.8698496186 -0.169041610662 9.00002011177
527.627324075 269.14379571 28.8122318918 -0.165828620723 9.00003531707
524.60263185 268.661968962 28.7747426698 -0.148685864841 9.00005789907
521.626227598 268.174856425 28.7745627761 -0.114972374549 9.00009106442
518.675073807 267.742360967 28.8396538601 -0.0711611882565 9.00013892146
515.729418214 267.402618824 28.999289086 -0.0277082522748 9.00020680723
512.776276581 267.157826551 29.2931233742 0.0096100945561 9.0003016679
509.814330756 266.97964218 29.7745671759 0.0422669164082 9.00043252299
506.863852407 266.829965118 30.4744602806 0.0725077361209 9.00061102817
503.96751856 266.682896868 31.354542562 0.096901979051 9.00085212627
501.164313261 266.531635571 32.3167884706 0.10902251198 9.00117476963
498.449769345 266.381875711 33.2716472289 0.108114772176 9.00160270732
495.766094437 266.245520577 34.1977075179 0.103200747866 9.00216533834
493.039478191 266.136941948 35.1486752667 0.10818300084 9.00289862311
490.226897573 266.066715167 36.2183279731 0.132755040465 9.00384602987
487.329277008 266.037567447 37.4883145094 0.176513866265 9.00505947738
484.372644332 266.052665134 38.9822746949 0.230474409106 9.00660022585
481.376840714 266.129603712 40.6650632703 0.284723258388 9.00853965999
478.32704739 266.309639821 42.4810400104 0.336295513205 9.01095991527
475.186054027 266.655404961 44.3568607569 0.390099414922 9.01395431663
471.975449554 267.241052841 46.1236098299 0.451133242828 9.01762760685
468.845077754 268.145249868 47.461177336 0.516296576513 9.02209584974
466.005578603 269.448989074 48.0077477618 0.576344617049 9.02748566966
463.571859126 271.213796813 47.586637215 0.625205157519 9.03393238205
461.505728155 273.425142391 46.3358068156 0.663832300204 9.0415769551
459.701830757 275.957515657 44.6118013041 0.695851009637 9.05056239546
458.078001389 278.626560693 42.7652264356 0.724139913886 9.06103023186
456.583851434 281.287783907 40.9899509067 0.752024242312 9.0731170931
455.172452539 283.886540186 39.3371019301 0.783723568381 9.08695084909
453.792487445 286.435910857 37.8132387605 0.821026014722 9.1026460185
452.403512792 288.967482249 36.446026371 0.859396496368 9.12029867154
450.989609919 291.498154143 35.2820272099 0.889088731327 9.13998126895
449.556904263 294.030006267 34.3445852509 0.903182460823 9.16173779584
448.117870548 296.570207627 33.6017143184 0.90616995715 9.18557944054
446.675508359 299.139084483 32.9850807435 0.913074779795 9.21148103507
445.219535099 301.749207278 32.4532947519 0.9376113016 9.23937846673
443.740457952 304.383508217 32.0211242104 0.979565161184 9.26916725477
442.24702117 307.00150017 31.7130127389 1.02298475671 9.30070244541
440.758399348 309.569166885 31.5078872356 1.04830011664 9.33379992178
439.274191547 312.087229523 31.3515943268 1.04924615492 9.36823915879
437.766473585 314.593479091 31.2095722312 1.03819212512 9.40376737848
436.211060231 317.130828303 31.0848533394 1.03298237269 9.44010498764
434.613948048 319.705915901 30.9904780092 1.03916959282 9.47695210795
432.996579851 322.281010513 30.9229336594 1.04697644321 9.51399594748
431.36622363 324.809928558 30.8659411382 1.04414093175 9.55091871385
429.71538028 327.281080447 30.8084933738 1.02858897309 9.58740573746
428.046694359 329.725382494 30.7507370771 1.00841930695 9.62315346146
426.384599843 332.18538761 30.697500586 0.992432331234 9.65787696259
424.756536176 334.680137877 30.6537814586 0.983030959524 9.69131669477
423.167237255 337.199653886 30.6240695213 0.977535732067 9.72324419229
421.596001869 339.725200517 30.6115502983 0.973080430086 9.75346652888
420.01709048 342.247571341 30.6165412627 0.968490547398 9.78182939775
418.419180922 344.772093159 30.6303042511 0.964010539637 9.80821875223
416.807143315 347.315010047 30.6270310088 0.962071744991 9.83256102043
415.19296254 349.888671618 30.5716089762 0.965868833892 9.85482197674
413.59019569 352.479312467 30.4425838745 0.973178039642 9.87500441285
412.009879338 355.047855406 30.2376567587 0.974293276893 9.89314479893
410.449492792 357.568017172 29.9552280204 0.961513509184 9.9093091584
408.880688238 360.062140995 29.5991478258 0.93976521216 9.92358839788
407.252294628 362.588019996 29.2258597407 0.923405931745 9.93609333555
405.517136966 365.186789988 28.9640777166 0.922516792545 9.94694965967
403.66993281 367.847752098 28.9366219136 0.934960615037 9.95629302258
401.762571371 370.525545181 29.1465248625 0.951314815734 9.96426443741
399.874375254 373.184122291 29.4669298222 0.964363114028 9.97100610509
398.061493466 375.817726143 29.7521555306 0.972798184962 9.97665778229
396.331923843 378.439036896 29.9360341253 0.978617678593 9.9813538186
394.659246334 381.065373816 30.0234934289 0.984081328832 9.98522097879
393.010354132 383.715384486 30.0322112998 0.990124999777 9.98837700842
391.360590284 386.402399918 29.9763533065 0.995414013551 9.99092966479
389.693804424 389.126922219 29.8870305904 0.997883446475 9.99297592093
388.002976898 391.881097919 29.8089257697 0.997313260888 9.9946013574
386.294331033 394.658919319 29.7704355661 0.993981114451 9.99587999936
384.578361632 397.459977324 29.7738699318 0.986168389292 9.99687471638
382.850239193 400.282318676 29.8133023725 0.972967181795 9.9976380053
381.087229746 403.110945528 29.8843092147 0.958734195706 9.99821288586
379.271630253 405.920021141 29.9716671832 0.950205387873 9.99863375199
377.412539267 408.693286302 30.0396226726 0.948767245598 9.99892713165
375.544053209 411.436519975 30.0476178628 0.949354269198 9.99911233264
373.703734828 414.166833677 29.9822735135 0.947588121143 9.99920193921
371.905923975 416.900242314 29.8723748535 0.944341476926 9.99920213329
370.125189886 419.650716915 29.7692821479 0.941842906183 9.99911284351
368.304663738 422.422387855 29.7116079512 0.938017917128 9.99892774063
366.388752252 425.19300306 29.7063503809 0.926834964672 9.99863407928
364.357183197 427.917523248 29.7382290763 0.903914527472 9.99821236827
362.233139809 430.558810612 29.7885908151 0.871534498332 9.99763586965
360.058857354 433.111369973 29.8412610616 0.838223752221 9.99686996353
357.859061718 435.594483427 29.8783958396 0.812368280861 9.99587143747
355.62135613 438.031367563 29.8862871956 0.794825046195 9.99458775696
353.300289622 440.441057023 29.8706226547 0.777224629475 9.99295636636
350.830486162 442.84350312 29.8585245047 0.747485061223 9.99090407248
348.147876549 445.252567594 29.8814090415 0.698216249942 9.9883465837
345.223476692 447.644787525 29.9611649889 0.632193581084 9.98518830246
342.073005936 449.93976084 30.1161569972 0.559989772681 9.98132219547
338.69149008 452.043068455 30.3725868729 0.48855078327 9.97662872472
334.971228897 453.927723514 30.7510612793 0.41018615341 9.97097074145
330.756046849 455.652479414 31.2210413108 0.307571622677 9.9641727617
326.041978594 457.275460828 31.6616431843 0.17485272423 9.9559738119
321.069693045 458.762701404 31.9017953505 0.0302691343249 9.94596830402
316.122979435 460.001902368 31.8581544079 -0.0989794758358 9.93361826424
311.264392487 460.887949665 31.6618068038 -0.202528939007 9.91844483875
306.388333203 461.376290722 31.5987767401 -0.289563800311 9.90034485662
301.537300784 461.485591375 31.8483706998 -0.366570125758 9.87972917201
297.034503241 461.291001126 32.2703790583 -0.422409099238 9.85725166762
293.219102083 460.901734574 32.5124329581 -0.441163236179 9.83335175246
290.096472672 460.408191929 32.3492451558 -0.424280966472 9.80805792077
287.319749672 459.845554365 31.8626480771 -0.39204612635 9.78115813219
284.500021448 459.215639537 31.2869085166 -0.363484214082 9.75246039543
281.476160379 458.526438831 30.7673325778 -0.341623824016 9.72191194297
278.299152548 457.792062532 30.2985292628 -0.320092455921 9.68958510865
275.046246925 457.008325415 29.815005957 -0.296934307507 9.6556289008
271.707660344 456.156824718 29.2871831388 -0.275553475853 9.6202367973
268.217969305 455.237907799 28.7608747917 -0.255199808816 9.58363110595
264.533876038 454.281450458 28.3328055802 -0.228252149964 9.54605393633
260.668699091 453.31882099 28.08286606 -0.188795472246 9.50775756179
256.682451689 452.363256919 28.0279771608 -0.139947591648 9.46899466131
252.649710758 451.431704093 28.143307902 -0.0914230910891 9.43000884634
248.623041687 450.56995948 28.4026328963 -0.0532233462127 9.39102599268
244.614118168 449.831542345 28.7789517848 -0.0339867841051 9.35224635922
240.608266999 449.228651456 29.219840694 -0.0411493238164 9.31383753713
236.594246425 448.712570187 29.6489090972 -0.0758951751608 9.2759285243
232.57821258 448.20167714 30.000012772 -0.126926548965 9.23860529811
228.571058755 447.623497035 30.2470097225 -0.174905875589 9.20190817414
224.568857381 446.939563452 30.401056877 -0.206832315254 9.16583111313
220.549911691 446.150197033 30.4868215316 -0.224352732519 9.13032301344
216.490139566 445.287491153 30.5271721712 -0.236682824324 9.09529091777
212.380075307 444.400504264 30.541214849 -0.247908946531 9.0606049585
208.231385284 443.535606622 30.5390809624 -0.253057453852 9.02610477187
204.072375226 442.715978973 30.5158201782 -0.245494252011 8.99160703293
199.933291945 441.92973436 30.4615544806 -0.226684373348 8.95691370309
195.825816056 441.138835314 30.3815101962 -0.207796751735 8.9218205465
191.733979576 440.306719481 30.3021004925 -0.201546603938 8.88612546025
187.630401571 439.422548968 30.2589859556 -0.212678619001 8.849636179
183.502696149 438.504261298 30.2782068871 -0.23557934083 8.81217695576
179.359890838 437.585797661 30.357206593 -0.258562175705 8.77359388487
175.214478286 436.701179587 30.4570826295 -0.26960071541 8.73375861769
171.069089078 435.868583253 30.5229853339 -0.261653171549 8.69257032014
166.925512199 435.077473046 30.5240289369 -0.237272372988 8.64995582931
162.79558931 434.291410433 30.4739117461 -0.208840726991 8.60586807611
158.690310403 433.472064804 30.4113509504 -0.191459201998 8.56028294641
154.601008035 432.606573711 30.3669415663 -0.192906281834 8.51319484667
150.502963027 431.715266542 30.3507308414 -0.208672335762 8.46461131605
146.380245912 430.836311437 30.3582960264 -0.225337958237 8.41454708074
142.239092725 429.999785073 30.375374334 -0.229335106137 8.36301797264
138.0937292 429.206116675 30.3818908949 -0.21554296236 8.310035134
133.948966133 428.423804418 30.3647084117 -0.190271177363 8.25559990036
129.806431041 427.612315015 30.3275628526 -0.166490544135 8.19969969935
125.681408422 426.752947386 30.2841674961 -0.155224993972 8.14230522559
121.599007776 425.861640217 30.2449188548 -0.15946108196 8.083369057
117.570461814 424.976561649 30.2132849415 -0.173466233177 8.02282575838
113.578771206 424.132275112 30.1873144257 -0.187067950788 7.96059337279
109.589615028 423.335425974 30.1565798428 -0.192933692789 7.896576073
105.57976038 422.558443503 30.1041835884 -0.192001639532 7.83066776417
101.564900246 421.761386467 30.0256916431 -0.191927346117 7.76275670008
97.6030214532 420.926755203 29.9458692189 -0.2000427371 7.69273139704
93.7591739335 420.075162548 29.8998113896 -0.217318104018 7.62048766254
90.0571596827 419.247975694 29.8901510951 -0.237493764008 7.54593548651
86.4665959584 418.47518706 29.8752220355 -0.251487727768 7.46900418495
82.9379980275 417.757403343 29.8100767924 -0.254732198832 7.38964531412
79.4465091962 417.073472074 29.6946043434 -0.251404356995 7.30783422658
76.0015807735 416.398707953 29.575918873 -0.250021278519 7.22357118956
72.6226553559 415.716648531 29.5082219625 -0.254607660125 7.13688211545
69.3176040081 415.027364199 29.514059031 -0.262283221189 7.04781845064
66.0866357435 414.353635521 29.5751550116 -0.268724228497 6.95645594542
62.9333578575 413.728011055 29.6468078797 -0.271668029318 6.86289237794
59.8610043932 413.160468791 29.6810576778 -0.268857761634 6.76724448718
56.8620235076 412.622177663 29.6513247261 -0.258130842015 6.66964439656
53.915335774 412.0665519 29.5715247554 -0.242821545754 6.57023576974
50.9838303186 411.457943231 29.5015857143 -0.2347112158 6.46916989417
48.0051639836 410.769364826 29.5354986336 -0.249021800492 6.36660187112
44.89637857 409.951422178 29.7721893577 -0.296477642416 6.26268708453
41.595509607 408.895384452 30.2679620681 -0.380313276928 6.15757809891
38.1260891347 407.40943288 30.9761430885 -0.500082934679 6.05142208649
34.6403739522 405.247133126 31.7141599411 -0.656162840143 5.94435882813
31.403735887 402.227480979 32.2290221084 -0.847119736073 5.8365192946
28.7080065764 398.389446198 32.3645980392 -1.06156654134 5.72802479843
26.7484337981 394.026275879 32.1875360264 -1.27614547645 5.61898670173
25.5481134168 389.532916878 31.9196494612 -1.46476471066 5.5095066527
24.9858325516 385.202499158 31.7371510174 -1.61038235337 5.3996772902
24.8893114345 381.14675168 31.6515272671 -1.71058382671 5.28958332278
25.1155777553 377.349297378 31.5629812258 -1.7766029164 5.17930289188
25.5807416781 373.741791435 31.3780288601 -1.82678255228 5.06890916343
26.2452897497 370.243139883 31.0713317658 -1.8754261892 4.9584721127
27.0812256133 366.781881126 30.6896234664 -1.92463054345 4.84806045064
28.0522691653 363.313714179 30.3445145064 -1.96698909436 4.73774361134
29.1246894446 359.808171115 30.2011317591 -1.99439016235 4.62759370518
30.2947419423 356.208566342 30.450045708 -2.00196994057 4.51767924606
31.596626033 352.42759625 31.2672881791 -1.98678493013 4.40796566579
33.0704413269 348.418027938 32.7736807467 -1.94929271305 4.29800998197
34.7330080555 344.243815506 35.0020522058 -1.89924998865 4.18564570027
36.6173995631 340.038969942 37.8792270802 -1.85885592935 4.06387637227
38.8673019547 335.871942716 41.2248387035 -1.86045355861 3.91658977143
41.7622571301 331.680816638 44.7541292309 -1.94047106647 3.71874973833
45.5604248716 327.395816968 48.0807703997 -2.12494819882 3.44967304471
50.2304066188 323.136958521 50.738705221 -2.4048305281 3.11670265076
55.3442627011 319.232683887 52.2546434935 -2.72251035287 2.76570277677
60.3107960322 315.980921362 52.2883061066 -2.9952670098 2.45801241003
64.7391537249 313.418693135 50.8150022913 -3.16273363426 2.23122710094
68.5689663028 311.375710034 48.2299508863 -3.21534518184 2.08271941574
71.9326871151 309.708298647 45.2162667251 -3.18529284486 1.98593978702
74.9949467265 308.415225761 42.4098903514 -3.12003126929 1.91459129815
77.8909109745 307.558898619 40.1266080438 -3.06091906848 1.85333639513
80.7091760869 307.147048928 38.3501270114 -3.0321525183 1.79599245249
83.4884658844 307.098538856 36.9165547894 -3.0379482005 1.74074541626
86.2434642079 307.284618747 35.6977719591 -3.06744761022 1.68721852234
88.9983448086 307.584771626 34.6597571648 -3.10532269147 1.63536199963
91.7831144419 307.921468717 33.8168719339 -3.14100537436 1.58523119948
94.6005119264 308.264712035 33.1737066765 -3.17056520276 1.53690006431
97.4148586528 308.617295037 32.7038775069 -3.19362760297 1.49045656371
100.185004068 308.998878049 32.3559679484 -3.21228588626 1.44599731681
102.899120624 309.433905041 32.0695095217 -3.23171084728 1.40362166409
105.568933909 309.93784458 31.8033922499 -3.2570929186 1.36342552374
108.204369697 310.505620199 31.5583642506 -3.28824567635 1.3254953824
110.809019772 311.115091623 31.3658340838 -3.31932409027 1.28990274149
113.390810488 311.739653024 31.2553170418 -3.34446088208 1.2566992775
115.959822348 312.356947084 31.2376844289 -3.36291262308 1.22591289907
118.516016475 312.954660076 31.3103386593 -3.37919097519 1.1975448171
121.049384377 313.536526952 31.4613946044 -3.39846936699 1.17156769215
123.554269805 314.119827287 31.664692255 -3.42076077693 1.14792487124
126.039568823 314.721139316 31.8803480456 -3.43938962666 1.12653065887
128.525641724 315.34402754 32.0694346505 -3.44653805921 1.10727149682
131.033181057 315.98005309 32.210888655 -3.44096358117 1.09000787871
133.571291943 316.616506711 32.3052311843 -3.42955126692 1.07457680743
136.131482542 317.24057159 32.3644203766 -3.42103496475 1.06079460732
138.691522216 317.84315552 32.3999285101 -3.41895004924 1.04845991923
141.226580572 318.426391877 32.4180334789 -3.42065531062 1.03735673254
143.720924438 319.004668527 32.421353017 -3.42170775013 1.02725734286
146.176992077 319.59156477 32.4122694969 -3.42031622312 1.01792516514
148.616834918 320.184676305 32.3963755095 -3.41799189154 1.00911737534
151.069912167 320.766818316 32.3845890622 -3.41666111623 1.00058739492
153.556309237 321.322376007 32.3929342586 -3.41612091014 0.992087267242
156.082101499 321.850678588 32.4382866122 -3.41488911194 0.983370000284
158.646376882 322.365996292 32.5286865931 -3.4130003882 0.974191964598
161.242246546 322.891438567 32.6526793491 -3.41253498756 0.964315440523
163.849193366 323.453025023 32.7798656061 -3.41492782702 0.953511403002
166.436733126 324.069612244 32.8770808836 -3.41868039285 0.941562611499
168.985409764 324.737100522 32.9258992536 -3.42013343109 0.928267010004
171.502518589 325.42220247 32.9289360755 -3.41546267226 0.913441348635
174.015139671 326.079984163 32.9099423831 -3.40191215005 0.89692487833
176.549088304 326.68261725 32.9130266376 -3.37899786747 0.878583074091
179.113051397 327.231263139 32.989678412 -3.35037369157 0.858311630189
181.699714583 327.744443417 33.1684615466 -3.32424852812 0.836041057839
184.298060531 328.240713422 33.4294023488 -3.30980222319 0.811741579238
186.901311978 328.731038488 33.7095364814 -3.31142568405 0.785427024141
189.506004186 329.219894721 33.9381039856 -3.32610857786 0.757156415153
192.109702996 329.708751996 34.0753267008 -3.34603236953 0.727033211206
194.709309845 330.198708645 34.1281447887 -3.36294752724 0.695203261953
197.297733485 330.692644401 34.1354174702 -3.37166367681 0.661852245761
199.864852766 331.196619949 34.1384965779 -3.37255548215 0.627202462022
202.405721578 331.718215507 34.1589707938 -3.37072061127 0.591508500341
204.931402381 332.257669981 34.1906081213 -3.37035721454 0.555051588793
207.47052453 332.796152104 34.2020882939 -3.37041143578 0.518132783406
210.051376338 333.295626216 34.1475627838 -3.36751939156 0.481065329313
212.677783144 333.717584403 33.9786189923 -3.36145306538 0.444166561193
215.328942599 334.043637335 33.6505329881 -3.3549704501 0.407749695699
217.98513044 334.276745122 33.133859263 -3.34922424802 0.372115843528
220.646260614 334.425110591 32.4428296001 -3.34188542093 0.337546550276
223.323364563 334.489298963 31.6551239168 -3.33000876534 0.304297164446
226.017815289 334.467570485 30.8878221324 -3.31355333633 0.272591303602
228.710900199 334.374543952 30.2430364918 -3.29580808543 0.242616621697
231.372577764 334.248896972 29.7663826625 -3.28073637775 0.214521988661
233.983144739 334.135337101 29.439171504 -3.26971859126 0.188416114936
236.549413307 334.058525157 29.2021504485 -3.25984908805 0.164367600367
239.099446962 334.014948087 29.0015409272 -3.24418508493 0.142406337202
241.662440409 333.982458389 28.8334297601 -3.21376859138 0.122526133688
244.255558258 333.929646328 28.7518288187 -3.16180667235 0.104688360906
246.888434268 333.818047412 28.8276011742 -3.08835561364 0.0888263850596
249.569699746 333.604624265 29.0900069939 -3.00117267835 0.0748505402379
252.296055059 333.249168906 29.499568939 -2.91087152351 0.0626534156865
255.029927522 332.72424958 29.9715954096 -2.82548035594 0.0521152592048
257.693826018 332.024780399 30.4251549181 -2.7499882414 0.0431093161078
260.199912046 331.173073233 30.8174418321 -2.68883996368 0.0355069308397
262.501040911 330.208641392 31.1430972379 -2.64526963603 0.0291822578818
264.622568453 329.160857572 31.4117014412 -2.61692543545 0.0240164737833
266.641459506 328.02778727 31.6316283198 -2.59392538406 0.0199014364537
268.62656776 326.786938362 31.8111714526 -2.56454956442 0.0167427769178
270.593395649 325.430146544 31.9626442437 -2.52566510374 0.0144624279677
272.50982737 323.988628864 32.0948629237 -2.48801433681 0.0130006037407
274.336703198 322.526949748 32.1969515837 -2.46929877008 0.0123172520163
276.063013494 321.110935866 32.2263442161 -2.47905460823 0.0123930072545
277.717292583 319.763705977 32.1175668334 -2.50700637065 0.0132296891882
279.355835018 318.43460052 31.8215782777 -2.5254402484 0.0148504063474
281.026681979 317.015791398 31.3550722633 -2.50616958352 0.0172993016329
282.72615317 315.406449683 30.8147046294 -2.43825296408 0.0206408344717
284.390536403 313.572085605 30.339007422 -2.33050348078 0.0249582740881
285.93310842 311.555272961 30.0494368946 -2.20077320729 0.0303510953094
287.285180017 309.443682047 30.0056058207 -2.06752836953 0.0369314561547
288.412140106 307.323760041 30.1877660159 -1.94906677587 0.0448204274872
289.31653652 305.244488713 30.5120718452 -1.8615528938 0.0541444032254
290.036852741 303.208594173 30.8731835173 -1.81173578814 0.0650313868502
290.633049782 301.192176661 31.1905441803 -1.79259482942 0.0776066125364
291.162191185 299.175343288 31.4359674325 -1.7891463548 0.0919874159787
291.661539502 297.162431664 31.631399212 -1.78928193938 0.108277715921
292.14603436 295.177338485 31.817667439 -1.78883303771 0.126562502493
292.61202887 293.237385041 32.0147192521 -1.78741401699 0.14690257947
293.040488687 291.333029752 32.205988473 -1.78233197274 0.169329732253
293.402555173 289.43606703 32.3588446781 -1.76912035589 0.193842509859
293.671904903 287.523139034 32.4533653075 -1.74730756195 0.220402846761
293.837715051 285.585672809 32.4842701376 -1.72217457619 0.248933770605
293.903629974 283.620095956 32.4383802535 -1.6991224241 0.279318405953
293.87015963 281.614040423 32.2819157953 -1.67714044045 0.311400404954
293.718782866 279.543465953 31.9778973999 -1.64794731679 0.344985851682
293.419464813 277.383944318 31.5202112825 -1.60125587972 0.379846629307
292.95944315 275.127358941 30.9569194087 -1.53252676161 0.415725195599
292.363689119 272.789432749 30.379815974 -1.44779239563 0.452340659284
291.679637683 270.401540525 29.8807606748 -1.36088001815 0.489395981156
290.937282565 267.994930336 29.5105412037 -1.28468818759 0.526586045998
290.125665122 265.587735701 29.2747493681 -1.22450579504 0.563606280901
289.209234637 263.179830317 29.1588942357 -1.17855093458 0.600161457293
288.164034639 260.757702578 29.1494326596 -1.14259332119 0.63597431762
286.996281105 258.306154638 29.2356694721 -1.11282211108 0.670793696022
285.729087934 255.819750642 29.4006509088 -1.08580303364 0.704401835785
284.37575509 253.312722794 29.6096437741 -1.05858604745 0.736620642878
282.927456505 250.82675563 29.8036110571 -1.03046043914 0.767316661683
281.352639714 248.41381742 29.9129316603 -1.00210419159 0.79640461747
279.57522556 246.079583199 29.8966161228 -0.968060608847 0.823849434481
277.441735261 243.743611868 29.7855988217 -0.910070276189 0.849666702354
274.773688089 241.303967999 29.6919551217 -0.806934857201 0.873921622481
271.55462244 238.783465141 29.7507931019 -0.661478912096 0.896726517802
268.081822047 236.388083733 30.0077288751 -0.51650784189 0.9182370329
264.832819591 234.362385744 30.3423866559 -0.431216670819 0.938647183574
262.091390882 232.771540804 30.5236006786 -0.431772478255 0.958183433371
259.714198615 231.449546619 30.3674678262 -0.486344390784 0.97709797619
257.299263513 230.159143693 29.8692704135 -0.532444882888 0.995661416147
254.559780452 228.776873621 29.2248547707 -0.526866813292 1.0141550738
251.505269135 227.336901535 28.7427717105 -0.468162951203 1.03286318394
248.314363124 225.957012902 28.6948895239 -0.38187133772 1.05206516081
245.132224399 224.753362193 29.1820649481 -0.298198906637 1.07202783611
242.00990288 223.780016786 30.0794615104 -0.241434647679 1.0929974198
238.959512422 222.984919079 31.0868067246 -0.223548236489 1.11519134904
235.992689764 222.215113259 31.875501269 -0.238209367697 1.1387909558
233.099013946 221.303507282 32.2621475992 -0.266206906617 1.16393601554
230.220423082 220.173080777 32.278017557 -0.292655512635 1.19072141643
227.279488528 218.857968331 32.0788918619 -0.31785514123 1.21919540592
224.245779636 217.439565579 31.8063306654 -0.350377965528 1.2493589489
221.168641976 215.980367096 31.5378475463 -0.392903219543 1.28116625253
218.137659567 214.502888884 31.3170234618 -0.438074609148 1.31452675506
215.213352851 212.993668466 31.1707112056 -0.476723686677 1.34930875592
212.39027502 211.404713472 31.0924402647 -0.507183470518 1.38534466124
209.604447318 209.65678648 31.0439651968 -0.537198772989 1.4224376805
206.776991442 207.669015762 30.9908514821 -0.578746522608 1.46036971994
203.885878599 205.412927566 30.9274675434 -0.639031566373 1.49891015986
201.010266235 202.940093872 30.8619787868 -0.713932356553 1.53782517099
198.276409549 200.33734275 30.7911888901 -0.791417448072 1.57688720807
195.74593497 197.65481441 30.7054194847 -0.862790535841 1.61588428861
193.382701666 194.904132143 30.6159859205 -0.927863139455 1.65462862931
191.137437627 192.128383988 30.5593907124 -0.987638610151 1.69296421392
189.03092757 189.427553958 30.5636046948 -1.03661060926 1.73077292434
187.126002291 186.867889853 30.621118556 -1.06827260794 1.76797895878
185.431559162 184.368162022 30.7048802001 -1.08816346603 1.80455135818
183.868623894 181.722921812 30.79399013 -1.11531348792 1.84050454809
182.347242896 178.788553534 30.8659471304 -1.16498971882 1.87589687616
180.859971743 175.648441508 30.8748773927 -1.23071618891 1.91082720254
179.478847153 172.553459794 30.7631380935 -1.28825879105 1.94542970849
178.269046529 169.687044721 30.5090147552 -1.31846359126 1.97986721311
177.226680696 167.024171926 30.1642307712 -1.32264536656 2.01432337948
176.293935136 164.415810771 29.8398666614 -1.31649708541 2.04899422845
175.411223865 161.749582965 29.6425181851 -1.31480406669 2.0840793855
174.554561561 159.017442775 29.6026126965 -1.32220702083 2.11977348858
173.738282752 156.283531402 29.6526878413 -1.33305629649 2.15625817644
172.985556935 153.603095266 29.6836005233 -1.33957708663 2.19369504131
172.29656872 150.944222196 29.6350400756 -1.34370143443 2.23221986439
171.653758068 148.202264025 29.5327135939 -1.35850456355 2.27193836502
171.054295391 145.316563074 29.4415762841 -1.39411508841 2.31292359353
170.518774066 142.347322305 29.4028375386 -1.4455965227 2.35521499002
170.065142196 139.414280815 29.426217948 -1.49856595616 2.39881902648
169.688926412 136.598293438 29.5176668032 -1.54163372328 2.44371126069
169.368801294 133.929735579 29.6803750942 -1.56881997658 2.48983956511
169.073371912 131.418617189 29.8939513663 -1.57749779216 2.53712823706
168.761656701 129.041054694 30.1245801598 -1.57323575035 2.58548261769
168.401158844 126.729552348 30.360693248 -1.57231703561 2.63479374905
168.001554207 124.430518878 30.6178479513 -1.58987056387 2.68494258112
167.620719211 122.152185535 30.9128909887 -1.62607006164 2.73580343537
167.324260132 119.92283758 31.2563824762 -1.66851353101 2.78724674896
167.138289213 117.732105101 31.6632204631 -1.70513088951 2.83914121228
167.040184651 115.550752744 32.1410287243 -1.73058160908 2.89135513977
166.982650761 113.383445287 32.6714491603 -1.74454681501 2.94375669002
166.919681713 111.262671959 33.236493391 -1.75071824764 2.99621277136
166.822678175 109.204277029 33.8639721539 -1.75663511852 3.04858691763
166.691479381 107.201459598 34.6114168976 -1.76928278168 3.10073664615
166.553692419 105.255811552 35.4971095715 -1.78940642486 3.15251073614
166.4417613 103.377690779 36.4783202668 -1.81233065999 3.20374671469
166.363539536 101.546599246 37.5107148094 -1.83426925513 3.25426876479
166.294118486 99.6920893674 38.6156993293 -1.85595054638 3.3038862619
166.190723868 97.7236590776 39.8969632599 -1.88090286393 3.35239313273
166.019067122 95.5826337039 41.490924028 -1.91246621707 3.39956818226
165.786733587 93.296239402 43.4407642388 -1.95107560424 3.44517644825
165.559264774 90.9985513536 45.5807498926 -1.99198736205 3.48897153812
165.424949545 88.8479141551 47.6154219601 -2.02759930391 3.53069881407
165.43415235 86.870501698 49.3866597114 -2.05479631126 3.57009925328
165.581496324 84.8929226722 51.0454142945 -2.07907136556 3.60691380857
165.84101154 82.6439409015 52.9456408008 -2.11026776796 3.64088808766
166.201483135 79.9287536554 55.3857330089 -2.15529053849 3.67177714664
166.673235326 76.7700903805 58.3783932247 -2.21382770055 3.69935018607
167.283001225 73.4607638674 61.544796173 -2.2778059183 3.72339496375
168.073184611 70.4523022946 64.2356845337 -2.33523841176 3.74372178273
169.113250492 68.1054861424 65.8497189552 -2.37816161329 3.76016695719
170.533423227 66.5176749842 66.0558426538 -2.40896625266 3.77259569349
172.539689251 65.5742324596 64.7456628274 -2.43906696042 3.780904351
175.319583361 65.1034826742 61.9530272546 -2.48085275339 3.78502206847
178.853745805 64.9553063852 57.9644284916 -2.53939835179 3.78491175527
182.822957595 64.9961614583 53.4120074669 -2.60974234805 3.78057045056
186.751962298 65.1042349528 49.0708479018 -2.68095449328 3.77202904338
190.275132914 65.1895469639 45.4899801563 -2.74319515066 3.75935133062
193.29367489 65.2137090844 42.7992997276 -2.79227751161 3.74263238512
195.937787962 65.1906975927 40.8072522962 -2.82963150351 3.72199622714
198.434628203 65.1683033962 39.2184197723 -2.86074999549 3.69759281959
201.009975672 65.2022340445 37.7656535024 -2.89472950339 3.669594412
203.812638748 65.3294363489 36.2628811053 -2.94075347366 3.63819124682
206.821455972 65.5475916241 34.6817193154 -3.00009826743 3.60358666091
209.84825272 65.8225133813 33.1753220676 -3.06398271552 3.56599165874
212.70494644 66.1229564615 31.9448175272 -3.12287186834 3.52561908662
215.349198009 66.4394655972 31.0832062271 -3.17459641571 3.48267759711
217.841505155 66.7676051578 30.5616249743 -3.22027787473 3.43736575822
220.223310312 67.0923496048 30.3032358692 -3.25705141714 3.38986691657
222.493201119 67.4004414529 30.2226866436 -3.28036453692 3.34034540229
224.660540437 67.6953279466 30.2341383426 -3.29119036691 3.28894402927
226.760919309 67.9878083398 30.2702651829 -3.29600171261 3.23578218596
228.837565828 68.2824450219 30.2972107411 -3.30200621788 3.1809541845
230.943823484 68.5849152294 30.3100478982 -3.31608382661 3.12452862105
233.131402508 68.9121637065 30.322175686 -3.34328991123 3.06654978619
235.397420626 69.2798584528 30.3483724183 -3.38045457684 3.00704131478
237.665746152 69.6813351185 30.3856311939 -3.41450649575 2.94601144876
239.848644226 70.0855034612 30.4160342248 -3.4321928276 2.88345921541
241.915079608 70.4557096052 30.4317194758 -3.43080359079 2.81938109564
243.892672017 70.7739651739 30.4462890469 -3.41803888738 2.75377787818
245.82074456 71.0523488996 30.4776102098 -3.40328800012 2.68666134378
247.71224576 71.3211147441 30.5260587326 -3.39105687994 2.61806038185
249.554338765 71.6041111908 30.5742302973 -3.38154287914 2.54802616368
251.334997658 71.9067009944 30.6037867718 -3.3739568404 2.47663606322
253.06448508 72.2229264556 30.6077351431 -3.36768647438 2.40399608352
254.774566953 72.5457415198 30.5897194766 -3.36226305485 2.3302416195
256.499461911 72.870696174 30.557325243 -3.35797305331 2.25553647667
258.251099266 73.1959405481 30.5161602072 -3.35606849109 2.18007017834
260.009076319 73.5206542426 30.4685120261 -3.35829655879 2.10405372079
261.738708621 73.8424626645 30.4166371165 -3.36571921221 2.02771404892
263.423641873 74.156172258 30.3659477447 -3.37669112543 1.95128759468
265.079951207 74.4539888578 30.3240698941 -3.38655850289 1.87501325573
266.735809603 74.7296156623 30.2966611927 -3.39110178907 1.79912521454
268.398173584 74.9871172652 30.2827956685 -3.38978735615 1.72384601598
270.043422386 75.24341676 30.2741037659 -3.38473243962 1.64938031605
271.643901361 75.5159673698 30.2627646207 -3.37781593822 1.57590967575
273.200690577 75.8086188942 30.2532329332 -3.36964576504 1.50358870491
274.743543278 76.1111909597 30.2619975261 -3.36031781212 1.43254277161
276.296004545 76.4078668478 30.3010786195 -3.35089987415 1.36286739071
277.847994765 76.6854129168 30.3622019939 -3.34394711392 1.29462929749
279.370723458 76.9411968954 30.4188520858 -3.34103600154 1.22786910582
280.853050527 77.184487403 30.4467448247 -3.34029931986 1.16260534961
282.311951645 77.4228721227 30.446669318 -3.33932929771 1.09883961806
283.772527522 77.6489173117 30.4487237929 -3.34047685224 1.03656242115
285.252599624 77.8500860353 30.4903772861 -3.34945127257 0.975759372675
286.763074179 78.0314804954 30.5860083631 -3.36702627911 0.916417268213
288.305420372 78.2178597254 30.7147461328 -3.38478973419 0.858529668373
289.86371991 78.4289256744 30.8361349174 -3.3906618886 0.802101665144
291.408034273 78.6609870526 30.914194778 -3.37694347373 0.747153595842
292.913143535 78.8989459532 30.9246943194 -3.34319979064 0.693723550446
294.382704872 79.138122043 30.8526032016 -3.29647574433 0.641868526406
295.858568638 79.3832778649 30.7044223938 -3.25179215455 0.591663934524
297.396366942 79.6325036723 30.5229510543 -3.22806724392 0.543201043248
299.024178819 79.8782608215 30.3703669807 -3.23804834864 0.49658235485
300.727525064 80.1239098914 30.29175517 -3.28108363467 0.451915832572
302.468954107 80.3855967557 30.3015084137 -3.34441023602 0.409309337917
304.212820544 80.6766207057 30.3923256313 -3.40902408821 0.368865876258
305.93968174 81.0009874643 30.5342974804 -3.45593306859 0.330679203562
307.650671512 81.3613085192 30.6681661845 -3.47289054334 0.29482929416
309.355911461 81.7613310255 30.7265953716 -3.45981614758 0.261377878227
311.054481712 82.1988519711 30.6795795279 -3.42823123585 0.230364668689
312.733709647 82.662684682 30.5593362906 -3.39389225282 0.201804721506
314.393157317 83.1374390262 30.4364890072 -3.36777412374 0.175687046253
316.060988786 83.6074940985 30.3706546692 -3.35149728142 0.151974414436
317.779066116 84.0574742328 30.3829172381 -3.34015203203 0.130604273535
319.573113307 84.4747727862 30.4655034889 -3.32968631406 0.111490655425
321.439353089 84.8558172658 30.5990157231 -3.32133327392 0.0945269231338
323.355462683 85.2082604153 30.7558553251 -3.31861984574 0.0795891457138
325.299741705 85.5445144247 30.9064558485 -3.32214670017 0.0665398690614
327.261634613 85.8745670282 31.0390631763 -3.3298826021 0.0552320612415
329.239808366 86.2060572642 31.1682674124 -3.34220579119 0.0455130366576
331.230884105 86.5484935874 31.3140382509 -3.36455815225 0.0372281913277
333.218705094 86.91554715 31.4683603675 -3.40395306872 0.0302244109519
335.181392744 87.3212616896 31.5710210045 -3.46056812435 0.0243530464924
337.120870974 87.7673698759 31.5127465161 -3.52015719523 0.0194723874303
339.081380314 88.2337073658 31.194403773 -3.55701721081 0.0154495977416
341.117652038 88.690245324 30.6296782342 -3.55036905973 0.0121621109696
343.234164411 89.1219003396 29.993062008 -3.50039639399 0.00949850769256
345.364809237 89.5337481935 29.5280707713 -3.42772434717 0.00735892240413
347.417759265 89.9292757203 29.3791728076 -3.35796157091 0.00565504813661
349.33542218 90.290969235 29.5091824838 -3.30723511403 0.00430982081885
351.114334583 90.5872244676 29.7706680985 -3.2795684157 0.00325686174729
352.781713327 90.7973962441 30.0385419565 -3.27316987383 0.00243973672965
354.363482216 90.930667725 30.2754432337 -3.28593125833 0.00181107427411
355.875053402 91.0256939751 30.5011150704 -3.3147054064 0.00133158972772
357.330858831 91.1355656637 30.7315532487 -3.35198439349 0.000969076723131
358.744604144 91.3076800308 30.9542744374 -3.38696829899 0.000697426745549
360.115715062 91.5640776528 31.1426209098 -3.41120705814 0.000495716510761
361.428712116 91.8893732816 31.2736966001 -3.42173505472 0.000347370283023
362.671439919 92.2363755947 31.3362759113 -3.41897481214 0.000239388057863
363.845063173 92.5510133394 31.3388176198 -3.40549537224 0.000161642086522
364.955529274 92.8037834282 31.3112731721 -3.38827849135 0.000106290135261
366.003273658 93.0058571031 31.2858020365 -3.37770148888 6.7370062114e-05
366.975687468 93.1933266199 31.2718939233 -3.37995614342 4.05420473874e-05
367.832906354 93.3878838056 31.2567475342 -3.39145821462 2.28144281619e-05
368.496188341 93.5681914889 31.2313726289 -3.40326474308 1.21615871143e-05
368.864611135 93.6805975152 31.208656866 -3.40961728951 7.21098400156e-06
