392.347415182 100.462374465 0.0
392.606804666 100.512066788 0.0
393.122815248 100.61095603 0.0
393.889992493 100.75806443 0.0
394.90035882 100.951960139 0.0
396.143651679 101.190802367 0.0
397.607608285 101.472375628 0.0
399.278304636 101.794139261 0.0
401.140536724 102.153295253 0.0
403.178214247 102.546850119 0.0
405.374757027 102.971677053 0.0
407.713479296 103.42457606 0.0
410.177948424 103.902330093 0.0
412.752304745 104.401749843 0.0
415.421535625 104.919718207 0.0
418.171701562 105.453234874 0.0
420.990111153 105.999440893 0.0
423.865425445 106.555639195 0.0
426.787715426 107.119309949 0.0
429.748469246 107.688120802 0.0
432.740555122 108.25993331 0.0
435.75814725 108.832806957 0.0
438.796625846 109.405007078 0.0
441.852455028 109.97500326 0.0
444.923040885 110.541471865 0.0
448.006589976 111.10330266 0.0
451.101977372 111.659605872 0.0
454.208616837 112.209719086 0.0
457.326343043 112.753213725 0.0
460.455308453 113.28989973 0.0
463.595896137 113.819826876 0.0
466.748649828 114.343278332 0.0
469.914213161 114.860763461 0.0
473.093291532 115.372999909 0.0
476.286617487 115.880886134 0.0
479.49492469 116.38546578 0.0
482.718928377 116.887884433 0.0
485.959309115 117.389339798 0.0
489.216698211 117.891027434 0.0
492.491663371 118.394085384 0.0
495.78469301 118.899542711 0.0
499.096158307 119.408259077 0.0
502.4263375 119.920892816 0.0
505.775431222 120.437875065 0.0
509.143515311 120.959385428 0.0
512.530539931 121.485349815 0.0
515.936333161 122.015453262 0.0
519.360609581 122.549167061 0.0
522.802989994 123.085789621 5.62678209847e-07
526.263020628 123.624496414 2.92517827585e-06
529.740182187 124.164393973 7.94696920407e-06
533.233920773 124.704580376 1.68589429341e-05
536.743677462 125.244205119 3.14052432626e-05
540.268909141 125.782521699 5.40309946853e-05
543.809110257 126.318933439 8.81274354075e-05
547.363830686 126.85302889 0.000138347586463
550.932688809 127.38460527 0.000211006983461
554.515381187 127.913677489 0.000313660544823
558.111683648 128.440478471 0.000456518254424
561.721452754 128.965447962 0.000653434329816
565.344616645 129.489209877 0.000922284378384
568.981163299 130.012543984 0.00128585950704
572.631138841 130.536355096 0.001772868472
576.294640725 131.061640274 0.00241903153208
579.971813772 131.589457215 0.00326823802882
583.662850374 132.120895722 0.00437372623392
587.367972643 132.657063846 0.00579922922349
591.087474 133.199055121 0.00762001530792
594.821720129 133.747938394 0.00992373701943
598.571174781 134.304751998 0.0128109902744
602.336419022 134.870498773 0.0163954767301
606.118171167 135.446143769 0.0208036592951
609.917308425 136.032613834 0.0261738049177
613.734884642 136.630797458 0.0326543216171
617.572140642 137.241544124 0.040401319231
621.430497744 137.865664491 0.0495753558547
625.311562742 138.503922373 0.060337373941
629.217101936 139.157037154 0.072843880022
633.148994315 139.825664367 0.0872414775061
637.109183371 140.510397042 0.103660919549
641.09960899 141.211760637 0.122210904339
645.122125232 141.930209646 0.142971883532
649.178406405 142.666127473 0.16599019121
653.269842393 143.419832437 0.19127330335
657.397429515 144.191587954 0.218785905332
661.561665362 144.981609837 0.248445695491
665.76243785 145.790084716 0.280122766118
669.998939977 146.617210935 0.313640061884
674.269577744 147.463214377 0.348775732164
678.571904394 148.328378909 0.385267400019
682.902576231 149.213077359 0.422818266966
687.257333194 150.11780118 0.461104869539
691.631006475 151.043190276 0.499785364713
696.017554366 151.990051981 0.538510269777
700.410127664 152.959377853 0.576933625225
704.801159698 153.952348735 0.614723319059
709.182480155 154.970326048 0.651571526247
713.545455175 156.014848249 0.687204368742
717.881141989 157.087610426 0.721390404316
722.180455698 158.190435733 0.753947620188
726.434342593 159.325239925 0.784748689573
730.633940916 160.493988317 0.813724338973
734.770766278 161.69865506 0.840864764101
738.836863462 162.941174415 0.866219116496
742.824948728 164.223403037 0.889893155774
746.728529793 165.547079333 0.912045220715
750.542000816 166.913786584 0.932880714455
754.260712462 168.324925493 0.952645325223
757.881014167 169.781694501 0.971617216627
761.400268123 171.285078672 0.990098463778
764.816825109 172.835859095 1.00840731287
768.13000433 174.434596787 1.02686645274
771.340023334 176.081654445 1.04579447968
774.447919315 177.777208406 1.06549650314
777.455451496 179.521270206 1.08625511252
780.364992472 181.313707928 1.10832194093
783.179411621 183.154267344 1.13191006983
785.901954131 185.042591737 1.15718752481
788.536115107 186.978237304 1.18427171037
791.085514747 188.960684854 1.21322531035
793.553797998 190.989357318 1.24405591071
795.944519683 193.063621326 1.27671532119
798.261041068 195.182796916 1.31110168796
800.506443078 197.346155631 1.34706367135
802.683448435 199.552921391 1.384406621
804.794356294 201.802271334 1.42290058009
806.840990124 204.09333771 1.46228984721
808.824660859 206.425215664 1.50230449066
810.74614183 208.796968038 1.54267144097
812.605653364 211.207631616 1.58312521889
814.402870629 213.656233936 1.62342015719
816.136952243 216.141812043 1.66334197812
817.806561308 218.663429736 1.70271610253
819.40990906 221.220197829 1.74141505827
820.944809226 223.811294077 1.77936365103
822.40874153 226.435981174 1.81654164023
823.798917953 229.093620039 1.85298379487
825.112363929 231.783680439 1.88877734743
826.345995297 234.505744967 1.92405762454
827.496698721 237.259502307 1.95899987978
828.561409816 240.044735159 1.99381039864
829.537186752 242.861302026 2.02871700528
830.421280066 245.709111316 2.06395835339
831.211196136 248.588090423 2.09977321396
831.904753353 251.498151713 2.13639036523
832.500133313 254.439154763 2.1740196486
832.995916347 257.410877725 2.212844677
833.391130628 260.412979554 2.25301757519
833.685242664 263.444992063 2.29465599944
833.878188701 266.506298497 2.3378425366
833.970386552 269.5961268 2.38262642846
833.962735956 272.713554552 2.42902741678
833.856611945 275.857523348 2.47704136834
833.653852628 279.026860257 2.5266472265
833.35674177 282.220304283 2.57781475487
832.967975974 285.43654618 2.63051249571
832.49063999 288.674258547 2.68471536329
831.928152902 291.932133492 2.74041133185
831.28423279 295.208909415 2.79760675458
830.562846893 298.503394257 2.85632995991
829.768158196 301.814480582 2.91663290365
828.904469823 305.141151402 2.97859080152
827.976164798 308.482473667 3.0422991303
826.987652357 311.837586051 3.10786976424
825.94332231 315.205679777 3.17542596544
824.847494277 318.585968804 3.24509529744
823.704372451 321.977662393 3.31700363846
822.518016915 325.379927072 3.39126693171
821.292319607 328.791853184 3.46798431958
820.03098945 332.212424097 3.54723201649
818.73754639 335.640490031 3.6290582385
817.415314133 339.07473651 3.71348045326
816.067438928 342.513683551 3.80048186956
814.696903125 345.955677738 3.89001101083
813.306537892 349.398893061 3.9819815672
811.899039064 352.841339453 4.07627369705
810.476980884 356.28087343 4.17273715557
809.042825469 359.715215834 4.27119443241
807.598926167 363.141972591 4.37144431661
806.147523448 366.558657087 4.47326564147
804.690714202 369.962712803 4.57641959364
803.230457017 373.351535046 4.68065525559
801.768541182 376.722492363 4.78571201623
800.306529858 380.072940355 4.89132231175
798.845724071 383.400237006 4.99721413061
797.387118601 386.701753859 5.10311327576
795.931352779 389.974883186 5.20874549409
794.47866214 393.217042027 5.31383860207
793.028836264 396.425671326 5.41812473753
791.581190421 399.598226811 5.52134284865
790.134512881 402.732192453 5.62324146954
788.687061779 405.825060624 5.72358093294
787.236537402 408.874348859 5.82213910037
785.780096651 411.877583995 5.91871358299
784.314368716 414.832301271 6.01312548856
782.835483939 417.736045846 6.10522300076
781.33911548 420.586377473 6.19488454573
779.820529443 423.380880107 6.28202188359
778.274649557 426.117174448 6.3665816696
776.696140079 428.792934108 6.44854514142
775.079485362 431.405908481 6.52792800085
773.419064664 433.953940582 6.60477677889
771.709256205 436.434999963 6.67916624181
769.944533216 438.847211832 6.75119438829
768.119561541 441.188886628 6.82097637602
766.229297097 443.458548528 6.88863769054
764.269090226 445.654957404 6.95430598749
762.234769728 447.777133991 7.0181048895
760.122727298 449.82437387 7.0801470933
757.930002877 451.796258104 7.14052906373
755.654357257 453.692656651 7.19932728831
753.294331386 455.513718078 7.25659509787
750.849294125 457.259855504 7.31236218935
748.319474872 458.931725782 7.36663616653
745.705979134 460.530203246 7.41940603108
743.010776144 462.056348389 7.47064741066
740.236688592 463.511377899 7.5203291769
737.387347681 464.896633228 7.56842099572
734.46712193 466.213549543 7.61490127289
731.481035405 467.463630627 7.65976491706
728.434668275 468.648428817 7.70303034177
725.334041435 469.769530439 7.74474516936
722.185490617 470.82854728 7.78499017838
718.995534254 471.827114155 7.82388114703
715.770739238 472.766893968 7.86156838058
712.517593665 473.649576748 7.89823386009
709.242383437 474.476891055 7.93408610414
705.951089526 475.250605876 7.96935298297
702.649294635 475.972537978 8.00427285777
699.342111859 476.644553209 8.03908452597
696.034133938 477.268563439 8.0740165328
692.729403022 477.84651874 8.10927645256
689.431401749 478.380394899 8.14504022752
686.143059966 478.872176921 8.18144297627
682.866768809 479.323840534 8.21857283152
679.604411984 479.737332721 8.25646495279
676.357407938 480.114545179 8.29509856359
673.12674348 480.457300916 8.33439649305
669.913011334 480.767339964 8.37422722511
666.716444408 481.046310383 8.4144093119
663.536945344 481.295765496 8.45471787143
660.374118902 481.517159809 8.49489365683
657.22728557 481.711865697 8.53465174335
654.095498099 481.88119445 8.57369168879
650.977559064 482.026410342 8.61170768699
647.872035314 482.148750759 8.64839769862
644.777285297 482.249453084 8.68347309634
641.691487742 482.329777165 8.71666611551
638.612678406 482.391024732 8.74773563574
635.538795789 482.434553929 8.77647109882
632.467734574 482.461774917 8.80269325468
629.397410052 482.474166397 8.82625590356
626.325833094 482.473270556 8.84704318756
623.251171196 482.460659106 8.86496769088
620.171824742 482.437909719 8.87996612516
617.086502581 482.406576399 8.89199421162
613.994287715 482.368147633 8.90102184824
610.894694282 482.323998991 8.90702850258
607.787714038 482.27534181 8.90999920781
604.673864135 482.223169822 8.90992146887
601.55417821 482.168205691 8.90678329377
598.430232046 482.110849481 8.90057339766
595.304102288 482.051131037 8.89127958652
592.178352912 481.98866816 8.87889154865
589.055993824 481.922632324 8.86340346534
585.940426068 481.851723439 8.84481712451
582.835377311 481.774154946 8.82314530021
579.744832605 481.687652876 8.7984158946
576.672960136 481.58946675 8.77067551706
573.624022325 481.476383827 8.73998872457
570.602296237 481.344771479 8.70644040664
567.612019631 481.190607123 8.67013543592
564.657306152 481.00954682 8.63119695703
561.742083241 480.796993013 8.58976336189
558.870039292 480.548171643 8.5459841253
556.044581702 480.258217075 8.50001479075
553.26880708 479.922261379 8.4520114953
550.545484444 479.535530123 8.40212549235
547.877054157 479.093439121 8.35049776521
545.265635616 478.591689844 8.29725535117
542.713044036 478.026363863 8.24250963205
540.2208286 477.394008455 8.18635468103
537.790314076 476.691716412 8.12886856525
535.422648962 475.91719606 8.07011678971
533.118857223 475.068829562 8.01015783492
530.879904443 474.145715517 7.94904941409
528.706730239 473.147701938 7.88685882546
526.600289265 472.07540265 7.82367327493
524.561599878 470.930190102 7.75960880438
522.591768276 469.714176769 7.69482038701
520.691995807 468.430182013 7.62951153963
518.863577765 467.081680993 7.56394176471
517.107888681 465.672738986 7.49843177599
515.426355085 464.207932611 7.43336600167
513.820412967 462.692278193 7.36919199487
512.291468651 461.131105076 7.30641654012
510.840850596 459.529964516 7.24559841809
509.46974298 457.894520248 7.18733796882
508.179141696 456.230441649 7.13226376557
506.969810314 454.543298862 7.08101686861
505.842243422 452.838463528 7.03423326165
504.79664131 451.12101825 6.99252517707
503.832901349 449.395675694 6.9564620838
502.950625914 447.66671024 6.92655214101
502.149123127 445.937915749 6.90322491043
501.427444884 444.212567078 6.88681607064
500.78442586 442.493411494 6.87755479165
500.218734675 440.782668569 6.8755543117
499.728929463 439.082052107 6.88080611715
499.313515795 437.392808959 6.89317796777
498.971003396 435.715773012 6.91241584232
498.699961859 434.051435598 6.93814971146
498.499063602 432.400020766 6.96990288496
498.367113301 430.761565105 7.00710488476
498.303074091 429.136007133 7.04910648288
498.306082197 427.523273164 7.0951958675
498.375440999 425.923358483 7.14461820087
498.510607611 424.336400117 7.19659484795
498.71116982 422.762737816 7.25034257279
498.976815916 421.202960386 7.30509202861
499.307302653 419.657940577 7.36010492924
499.70241785 418.128840264 7.41468937405
500.161942826 416.617108755 7.46821231116
500.685634746 415.124450373 7.52011095902
501.273209112 413.652781054 7.56990065276
501.924325179 412.204177379 7.61717910045
502.638587525 410.780808823 7.66162847766
503.415557841 409.384862871 7.7030148741
504.254775873 408.018467355 7.74118534023
505.155781736 406.683617429 7.77606285478
506.118156983 405.382101696 7.80763958822
507.141555712 404.115453135 7.83596970054
508.225734158 402.884886592 7.86115867469
509.370577688 401.691278104 7.8833547078
510.576119024 400.535157355 7.90273950026
511.842545647 399.416716291 7.91951904077
513.170195128 398.335835979 7.93391495871
514.559538611 397.292129255 7.94615667468
516.011153517 396.284995757 7.9564745169
517.525676905 395.313691706 7.96509390769
519.103748033 394.377399932 7.97223066448
520.745978111 393.475302419 7.97808740572
522.452873595 392.606649244 7.98285100671
524.224776296 391.770819742 7.98669101433
526.061806138 390.967372384 7.98975890394
527.963809441 390.196080682 7.99218804655
529.930315879 389.456954663 7.99409424742
531.960504655 388.750244492 7.99557671986
534.053179437 388.076424686 7.99671877602
536.206758456 387.436168231 7.99758923137
538.419284027 386.830314654 7.99824650125
540.688430087 386.259814256 7.99873809881
543.011527223 385.725671881 7.99910222626
545.38559757 385.228886957 7.99936925073
547.807398225 384.77039308 7.99956303949
550.27346766 384.350997137 7.99970214187
552.780185565 383.971329679 7.99980081445
555.323832716 383.63180098 7.99986989395
557.9006509 383.332562019 7.99991752753
560.506904608 383.073477466 7.9999497737
563.138941484 382.854111413 7.99997108905
565.793249927 382.67372238 7.99998471653
568.466512294 382.531268657 7.99999299066
571.155652227 382.425423175 7.99999757407
573.857878789 382.354584492 7.99999963828
576.570712265 382.316924379 8.0
579.29199904 382.310418572 8.0
582.019942812 382.332881501 8.0
584.753099088 382.382008234 8.0
587.490361789 382.455416169 8.0
590.23094364 382.550684581 8.0
592.974346834 382.665391133 8.0
595.72032241 382.797140289 8.0
598.468811309 382.943571215 8.0
601.219920989 383.102410849 8.0
603.973862613 383.271456042 8.0
606.730889696 383.448603951 8.0
609.491249883 383.631827416 8.0
612.255135848 383.819159964 8.0
615.022641818 384.008672677 8.0
617.793727199 384.1984438 8.0
620.568183927 384.38652344 8.0
623.345616184 384.57089277 8.0
626.125435835 384.749419196 8.0
628.906852032 384.919813891 8.0
631.688889812 385.079580474 8.0
634.470388337 385.225979371 8.0
637.250014365 385.355990963 8.0
640.026277341 385.466285024 8.0
642.797544048 385.553197934 8.0
645.56204169 385.612721713 8.0
648.317874205 385.640497972 8.0
651.063025364 385.631822013 8.0
653.795353768 385.581665976 8.0
656.51258528 385.484712412 8.0
659.212292993 385.335393152 8.0
661.891876389 385.127943817 8.0
664.54853741 384.856469523 8.0
667.179255659 384.515021047 8.0
669.780749823 384.097693305 8.00000128612
672.349479368 383.598701954 8.00000472249
674.881624382 383.012485541 8.00001132245
677.37308242 382.333819635 8.00002253065
679.819474421 381.557922782 8.0000403847
682.21616232 380.680561772 8.00006772789
684.558279638 379.698155623 8.00010848532
686.84077368 378.607872941 8.00016801713
689.058457095 377.407720653 8.00025344357
691.206058904 376.096630805 8.00037297466
693.278307343 374.674498812 8.00053863161
695.269994582 373.142232155 8.00076602732
697.176035436 371.501776028 8.00107520096
698.99153594 369.75611081 8.00149156563
700.71185 367.909230433 8.00204695842
702.332626308 365.966099804 8.00278077111
703.849844028 363.932592514 8.00374112762
705.259827038 361.815407623 8.00498605983
706.559248852 359.621972976 8.00658461811
707.745154402 357.360348472 8.00861783825
708.814931911 355.039108018 8.01117947189
709.766294717 352.667218329 8.01437637755
710.597247182 350.253923234 8.01832846225
711.306049316 347.808628576 8.02316806434
711.891178829 345.340792966 8.02903867593
712.351292863 342.859826473 8.0360929208
712.685198152 340.37499947 8.04448973075
712.891812929 337.895359912 8.05439070072
712.970134203 335.429659712 8.06595564917
712.919218787 332.986292806 8.0793374632
712.738166507 330.573241331 8.09467636541
712.426107104 328.198024987 8.11209379661
711.982192793 325.867656963 8.13168616151
711.405594923 323.588603165 8.15351872838
710.695503941 321.366743539 8.17762000299
709.851140392 319.207338288 8.20397690912
708.871748947 317.114986915 8.23253109742
707.756610073 315.093596162 8.26317667209
706.505045394 313.146344106 8.29575956892
705.116429299 311.275651149 8.33007874219
703.590204729 309.483157134 8.36588922549
701.925900767 307.769704123 8.40290702816
700.123155148 306.135328558 8.44081572297
698.18174287 304.579265064 8.47927447855
696.10161456 303.099969185 8.5179272003
693.882935131 301.695140367 8.55641237387
691.526134139 300.361782178 8.59437315971
689.031970378 299.096248283 8.63146727131
686.401593509 297.894331952 8.6673761837
683.636612949 296.751361403 8.70181326143
680.739169044 295.662306083 8.73453046416
677.712002744 294.621892494 8.76532337573
674.558520826 293.624726153 8.79403440451
671.282851994 292.665415817 8.82055410877
667.889887534 291.7386983 8.84482070453
664.385315271 290.839565198 8.86681790709
660.775597161 289.963335725 8.88657133489
657.067967921 289.105772918 8.90414376151
653.270390691 288.263159919 8.91962953657
649.391488001 287.432357947 8.93314850744
645.440449033 286.610844573 8.9448397642
641.42692082 285.79673714 8.95485550127
637.360873405 284.988788279 8.96335524696
633.2524531 284.186360588 8.97050065913
629.111831188 283.389394342 8.97645102821
624.949040955 282.598359056 8.98135957143
620.773833318 281.814190123 8.98537054849
616.595534023 281.038219309 8.9886171818
612.422915208 280.272100329 8.99122032703
608.264085654 279.517732546 8.99328781112
604.126401913 278.777192369 8.99491433727
600.016406129 278.052653506 8.99618184739
595.939793823 277.346319956 8.99716023225
591.901390192 276.66037221 8.99790828506
587.905160718 275.996917491 8.99847480521
583.954249883 275.357947667 8.99889977235
580.051033209 274.745308918 8.9992155261
576.197185207 274.160681488 8.99944790202
572.393759499 273.605569358 8.9996172888
568.641289038 273.081318703 8.99973958415
564.939861033 272.589097016 8.99982703795
561.289228574 272.129913533 8.9998881217
557.688879923 271.704662093 8.99992998929
554.138134502 271.314142409 8.99995811873
550.636222719 270.959092538 8.99997652406
547.182352895 270.640226735 8.99998811497
543.775766725 270.358274765 8.99999497796
540.4157834 270.11402176 8.99999891483
537.10183232 269.908347225 9.00000232607
533.833467203 269.742255515 9.00000682181
530.610381501 269.616900177 9.00001496837
527.432388571 269.533629498 9.00002841209
524.29942079 269.493991347 9.00004946536
521.21151092 269.499745065 9.00008134147
518.168769093 269.552866122 9.00012845774
515.171357647 269.655543619 9.00019682126
512.219461893 269.810168272 9.00029382951
509.31326822 270.019317685 9.00042905946
506.452955693 270.285740754 9.00061577576
503.638677012 270.612328975 9.00087112842
500.870527715 271.002078273 9.00121702872
498.148562755 271.458062752 9.0016811351
495.472799448 271.98339858 9.00229793436
492.843225791 272.581205772 9.00310989219
490.259812738 273.254568128 9.00416863396
487.722532863 274.006487277 9.00553610197
485.23137057 274.83984364 9.00728562002
482.786330303 275.757350637 9.0095027816
480.387453635 276.761507089 9.01228606495
478.034824308 277.854548751 9.01574706904
475.728558818 279.038397774 9.02001026026
473.468794138 280.314612298 9.02521212249
471.255666854 281.684336426 9.03149961484
469.089284147 283.148251828 9.03902786182
466.969676493 284.70654231 9.04795703194
464.896772411 286.35883928 9.0584484012
462.870341754 288.104191415 9.07065964685
460.889961064 289.941045714 9.08473947158
458.954965462 291.8672314 9.10082171613
457.064408258 293.879956859 9.11901917403
455.217030406 295.97582056 9.13941737243
453.411239848 298.150835692 9.16206862179
451.645103209 300.400469216 9.18698666038
449.916352245 302.719695871 9.21414222357
448.222395202 305.103059432 9.24345984967
446.560347169 307.544747214 9.2748161926
444.927075789 310.038685392 9.30804004887
443.319249167 312.578627031 9.34291422335
441.733393939 315.158251249 9.37917926199
440.165957665 317.771265092 9.41653897446
438.61337247 320.411505585 9.45466756462
437.072110785 323.073032228 9.49321808866
435.538742178 325.750221901 9.53183187795
434.009991968 328.437868482 9.57014850222
432.482773824 331.131253302 9.60781581409
430.954220326 333.826211802 9.64449961064
429.421696742 336.519187367 9.67989247257
427.882805253 339.207270936 9.71372139375
426.335378186 341.888225277 9.7457538902
424.777461834 344.560493078 9.77580237115
423.207290952 347.223178728 9.80372665815
421.623262042 349.87603186 9.82943464447
420.02389919 352.519403225 9.85288118685
418.407827093 355.154186483 9.8740654103
416.773745504 357.781746837 9.89302667646
415.120399509 360.403827576 9.90983951558
413.446560258 363.022449916 9.92460784794
411.751011376 365.63980317 9.93745882453
410.032540912 368.258128036 9.94853659958
408.289940753 370.879588167 9.95799631379
406.522003407 373.506160232 9.96599852048
404.727526611 376.139507874 9.97270423225
402.905315449 378.780878417 9.9782707085
401.054185326 381.430998851 9.98284804764
399.172962887 384.089985876 9.98657659684
397.260483923 386.757274657 9.98958514832
395.315588562 389.431566351 9.99198985686
393.337112315 392.110796269 9.99389362822
391.323864416 394.792123878 9.99538507277
389.274643423 397.471945115 9.99654095345
387.188211461 400.145913861 9.99742598044
385.063309291 402.809027157 9.99809369261
382.898647226 405.455682043 9.9985874163
380.692913502 408.079767212 9.99894121617
378.44479006 410.674769162 9.99918076617
376.152975471 413.233889047 9.99932408237
373.816211175 415.75016356 9.99938259443
371.433314592 418.216591107 9.99936168941
369.003222649 420.626265429 9.99925944421
366.525023876 422.972493716 9.99906693116
363.997997383 425.248915159 9.99876950091
361.421637866 427.449603764 9.99834512323
358.795675572 429.569160789 9.99776373248
356.120085178 431.602792466 9.99698641205
353.395081786 433.546371653 9.99596447009
350.621118937 435.396478206 9.99463847218
347.798844117 437.150430205 9.99293731017
344.929050372 438.806298398 9.99077785535
342.012626362 440.362896438 9.98806388527
339.050489487 441.819757588 9.98468520275
336.043522877 443.177103551 9.98051867243
332.992506448 444.435797879 9.97542899913
329.89805129 445.597289025 9.96927018968
326.760541681 446.663544844 9.96188777645
323.580068878 447.636986597 9.95312060474
320.356425958 448.520403765 9.94280629132
317.089084893 449.316879005 9.93078537368
313.777205043 450.029702869 9.91690631682
310.419659603 450.662294475 9.90103120031
307.015082473 451.218125294 9.88304167922
303.561937007 451.700645147 9.86284494731
300.058602345 452.113214029 9.840379389
296.503474337 452.459041113 9.8156196606
292.895082471 452.741128928 9.78858201814
289.23219414 452.962238166 9.75932485678
285.513941296 453.1248477 9.72795082544
281.739910926 453.231150974 9.69460616273
277.910248939 453.283041954 9.6594780872
274.02573684 453.28212133 9.62279021348
270.087844028 453.229715757 9.584796081
266.09875261 453.12690845 9.54577100042
262.061353202 452.974580279 9.50600209428
257.979208864 452.773459153 9.46577741957
253.856481734 452.524173513 9.42537638107
249.697835337 452.22731105 9.38505809753
245.508315302 451.883482287 9.3450511276
241.293199904 451.493376452 9.30554437609
237.057839742 451.057815473 9.26667967311
232.807490224 450.577800989 9.22854643546
228.547145046 450.054552083 9.19117870887
224.281391207 449.489536746 9.15455475869
220.0142622 448.884483108 9.11859923297
215.749120103 448.24138223 9.08318777533
211.48857831 447.562475579 9.04815382421
207.234448128 446.850220738 9.01329720893
202.987741956 446.107266856 8.97839404952
198.748707073 445.336409899 8.94320739346
194.516897559 444.540541136 8.90749798208
190.291280487 443.72259161 8.87103453665
186.070374122 442.885474397 8.8336029881
181.8523996 442.032031427 8.79501414459
177.635451875 441.164989955 8.75510939312
173.417671291 440.286908789 8.71376415852
169.197412139 439.400146306 8.67088898869
164.973399369 438.506844421 8.62642828892
160.744864409 437.60891922 8.58035687977
156.511655693 436.708064012 8.53267469377
152.27432014 435.805764162 8.48340004404
148.034159741 434.903146766 8.43256198639
143.793241672 434.001280655 8.38019234759
139.554390696 433.10109367 8.32631800312
135.321156454 432.203389696 8.2709539571
131.097752089 431.308878673 8.21409770704
126.888976039 430.418193163 8.15572527248
122.700120423 429.531891034 8.09578913772
118.536870104 428.650441496 8.03421821476
114.405209577 427.77423684 7.97091978425
110.311337375 426.903613363 7.90578323229
106.261506613 426.038577376 7.83868538631
102.26196126 425.178806605 7.76949749736
98.3188189731 424.323529701 7.69809021867
94.4380010954 423.471384496 7.62434202985
90.6251552412 422.620258403 7.54814598808
86.8855878799 421.767116036 7.46941574549
83.224207976 420.907820844 7.38809048082
79.6454850034 420.036956418 7.30413848967
76.1534173849 419.147664701 7.21755928398
72.7515166363 418.231512522 7.12838381262
69.4428086749 417.278387447 7.03667370723
66.2298453617 416.276441495 6.94252012801
63.114746305 415.212111976 6.84603948971
60.0992530616 414.070214358 6.74736934903
57.1848012298 412.834124418 6.64666374214
54.3726090198 411.486058085 6.54408826539
51.6637842499 410.007452326 6.43981625763
49.0594328765 408.379449884 6.33402294933
46.5607685195 406.583480686 6.22688138046
44.1692519951 404.601917235 6.1185591953
41.8867106278 402.41879633 6.00921585296
39.7154332787 400.020580027 5.8990005944
37.6582596895 397.39691655 5.78805116877
35.7186466594 394.541367443 5.67649328757
33.9007058018 391.452061349 5.56444074879
32.2091970608 388.132233036 5.45199471007
30.6495151369 384.590614958 5.33924703396
29.2276280034 380.841637905 5.22628184738
27.9499437264 376.905436585 5.11317561229
26.8231838642 372.807618745 5.0
25.854218515 368.578809611 4.88682438771
25.0498730428 364.253979676 4.77371815262
24.4167184019 359.871576559 4.66075296604
23.9608527782 355.472496133 4.54800528993
23.6876830209 351.098938219 4.43555925121
23.6017241356 346.793186711 4.32350671243
23.70640687 342.596393044 4.21194883123
24.0039307928 338.547394991 4.1009994056
24.4951341128 334.681648133 3.99078414704
25.179410246 331.030302839 3.8814408047
26.054666814 327.619469745 3.77311861954
27.1173278091 324.469700849 3.66597705067
28.3623820026 321.595698667 3.56018374237
29.7834645471 319.006258752 3.45591173461
31.3729654576 316.704434118 3.35333625786
33.1221767261 314.687892658 3.25263065097
35.0214591709 312.949443666 3.15396051029
37.0604149609 311.477690481 3.05747987199
39.2280687858 310.257771617 2.96332629277
41.5130479162 309.272147665 2.87161618738
43.9037556395 308.501394409 2.78244071602
46.388530759 307.92496572 2.69586251512
48.9557992155 307.52189967 2.61191354271
51.5941992879 307.271438965 2.53059426428
54.2927088031 307.153561725 2.4518743369
57.040751419 307.149404741 2.37569486284
59.8282729162 307.241573399 2.30197218265
62.6458152197 307.414352535 2.230603071
65.4845790184 307.653822147 2.16147109266
68.3364765436 307.947889381 2.09445378185
71.1941729761 308.286250217 2.02943023319
74.0511264828 308.660295065 1.96628864461
76.9016128457 309.062973209 1.90493333731
79.7407501002 309.48862626 1.84529079782
82.5645080065 309.932807072 1.78731434224
85.3697081869 310.392092054 1.73098708922
88.1540140398 310.863895274 1.6763230399
90.9159081977 311.346291449 1.62336619115
93.6546576308 311.837853275 1.57218754139
96.3702690027 312.337507901 1.52287955862
99.0634157973 312.84440738 1.47555212033
101.735362481 313.357942868 1.43032458577
104.387886243 313.877387036 1.38731814894
107.023173745 314.402001238 1.34664805292
109.643717015 314.930988316 1.30841611719
112.252205558 315.463464686 1.27270398343
114.851418185 315.998449418 1.23956741105
117.444117699 316.534865027 1.20903242239
120.032953121 317.071552398 1.18109241631
122.62036496 317.607270102 1.15570556207
125.208503357 318.140694824 1.13279536361
127.799223543 318.670642334 1.11225182553
130.394006054 319.195961024 1.09393364847
132.993937368 319.715570797 1.07767119993
135.59970925 320.228497764 1.06326999262
138.211636174 320.733903491 1.05051441435
140.829684675 321.231105023 1.03917148526
143.453525596 321.719592944 1.02899446846
146.082593461 322.199042241 1.01972621973
148.716153252 322.669309082 1.01110222736
151.353373181 323.130421614 1.00285335646
153.993393779 323.582569121 0.994708367492
156.635395906 324.026081821 0.986396322169
159.278661846 324.46140531 0.977649016274
161.922626508 324.889070603 0.968203587037
164.566916357 325.309646614 0.957805430979
167.211374378 325.723723245 0.946211537795
169.856067237 326.131868888 0.933193575302
172.501285876 326.534588854 0.918543570968
175.147524615 326.932287889 0.902078241497
177.795446942 327.325234302 0.883643549857
180.445841827 327.713526191 0.863119761579
183.099571247 328.097061124 0.840426305732
185.757510554 328.475509651 0.815526149111
188.420474925 328.848289425 0.788429374043
191.089178746 329.214558033 0.759195656101
193.76417524 329.573200522 0.7279363341
196.445785939 329.922823658 0.69481172083
199.1340662 330.26175977 0.660030162341
201.82877101 330.588075197 0.623844089857
204.529331718 330.899584005 0.586544281226
207.23484507 331.193866342 0.548452571269
209.944069816 331.468289119 0.509913270198
212.655436871 331.720030028 0.471283635305
215.367086296 331.946107267 0.432923618544
218.076893746 332.143403276 0.395185322204
220.782504553 332.308698807 0.358404889212
223.481380908 332.438694896 0.322892330172
226.170847303 332.530038746 0.288923778632
228.848135414 332.579348424 0.256735246752
231.510425987 332.583236522 0.226518106996
234.154878794 332.538338209 0.198417266203
236.77866714 332.441330498 0.17252976437
239.378999676 332.288954347 0.148905328354
241.953131172 332.078041244 0.127549519467
244.498369855 331.805537878 0.108427822505
247.012064479 331.468537819 0.0914708449552
249.49158939 331.064312938 0.0765803130394
251.934322931 330.590347032 0.0636355475789
254.337621158 330.044371155 0.0525001193684
256.698777076 329.424393834 0.0430272116635
259.015007029 328.728744695 0.0350673864269
261.283422642 327.956107901 0.0284739782908
263.50100254 327.105551287 0.0231079573509
265.664576868 326.17655374 0.0188423182994
267.770820925 325.169027464 0.0155657565584
269.816256442 324.083333236 0.013185640957
271.797262558 322.920288383 0.0116303156277
273.710095929 321.681167043 0.0108507751937
275.55090447 320.367693859 0.0108217577057
277.315788902 318.982026197 0.0115422909076
279.000835701 317.526732218 0.0130357118319
280.602158783 316.004761097 0.0153491605798
282.115948815 314.419407077 0.0185525298512
283.538519844 312.774268131 0.0227368358111
284.866352623 311.073200004 0.0280119663585
286.096133046 309.320266395 0.034503762435
287.224785262 307.519687992 0.0423503984737
288.249497425 305.675789622 0.0516980502707
289.16773255 303.792935695 0.0626960061329
289.977235314 301.875475065 0.0754915894314
290.676040514 299.92768696 0.090222124807
291.262458138 297.953721546 0.107009717371
291.735058497 295.957545227 0.125954599596
292.092652214 293.942889384 0.147128635385
292.33426672 291.913204066 0.170569279214
292.459124127 289.871614424 0.196275070072
292.466614604 287.820891116 0.224201053285
292.356271234 285.763433346 0.254254994403
292.127752739 283.701253778 0.28629704067
291.780828621 281.635974171 0.320141426965
291.315372606 279.568842667 0.355558225051
290.73136243 277.500758456 0.392277968317
290.028887499 275.432307858 0.429998086905
289.208164533 273.363810419 0.468390950468
288.26957333 271.295367379 0.507112097745
287.213672858 269.226927737 0.54581183596
286.041243059 267.158351129 0.584145842003
284.753324824 265.089464205 0.621785652352
283.351265161 263.020117296 0.658428995149
281.836766647 260.950235767 0.693809264078
280.211933069 258.879859704 0.727703753238
278.47931205 256.809171509 0.759940343229
276.641932508 254.738509802 0.790402412891
274.703345263 252.668367348 0.819031841556
272.667628696 250.599378151 0.845830056251
270.539406481 248.532297054 0.870857160771
268.323847597 246.467938298 0.89422925402
266.026654183 244.407134033 0.916114100339
263.654037398 242.35067833 0.936725353582
261.212681814 240.299264631 0.956315560097
258.709699328 238.253422637 0.975168176062
256.152572121 236.213457652 0.993589156664
253.549086023 234.179395556 1.01189842337
250.907273351 232.15093932 1.03041872486
248.235344418 230.127437081 1.04946692022
245.541594424 228.107852925 1.06934463428
242.834345439 226.090765832 1.09032931872
240.121876798 224.074377989 1.11266595613
237.412359138 222.056537843 1.13655965226
234.713792859 220.034776992 1.16216936696
232.033958165 218.006366892 1.18960234916
229.380361043 215.968376169 1.21891106893
226.760180812 213.917730147 1.25009256874
224.180232017 211.851290227 1.28308835206
221.646912757 209.765926241 1.31778688588
219.166177079 207.658595046 1.35402816251
216.743498883 205.52641314 1.39161023433
214.383837408 203.366724139 1.43029753369
212.091604245 201.177159157 1.46983068772
209.870638496 198.955692821 1.50993848682
207.724171674 196.700681157 1.55034834869
205.654807642 194.410890647 1.59079746617
203.664498809 192.085527486 1.63104534404
201.754532389 189.724252534 1.67088443865
199.925532721 187.327182428 1.7101484264
198.177468931 184.894887349 1.74871921261
196.509674972 182.428382684 1.78653164601
194.920883244 179.929115919 1.82357570517
193.409280975 177.398952909 1.85989465241
191.972560494 174.840155 1.89558402545
190.608008504 172.255364485 1.93078618884
189.312579252 169.647575616 1.96568098374
188.083001144 167.020116635 2.00047711994
186.915887334 164.376629355 2.03540203569
185.807847648 161.721046211 2.07069087374
184.755601145 159.057565738 2.10657549273
183.75608709 156.390626542 2.14327409791
182.80657362 153.724880576 2.18098202634
181.904733316 151.065151271 2.21986413845
181.048735066 148.41639658 2.26004915717
180.237275473 145.783666315 2.3016261632
179.469630742 143.172050183 2.34464331051
178.74567072 140.586622027 2.3891086793
178.065851245 138.032379603 2.43499304417
177.431185688 135.514181168 2.48223421468
176.843198173 133.036682387 2.53074190879
176.303860081 130.604272021 2.58040385855
175.815512162 128.221006194 2.63109301301
175.380780135 125.890553618 2.68267268634
175.002489794 123.616154011 2.73500148301
174.683574592 121.400573945 2.78793703472
174.426990336 119.246079647 2.84133831988
174.235636988 117.154422371 2.89506647142
174.112290331 115.126837008 2.94898411753
174.059543451 113.164055927 3.00295439499
174.07976476 111.266331769 3.05683709234
174.17506545 109.43347583 3.11048439313
174.3472828 107.664901572 3.16373822335
174.597974292 105.959676349 3.21642722325
174.92841616 104.316584419 3.26836317084
175.33961187 102.73418912 3.31933911471
175.832305111 101.210895506 3.36912869772
176.406994956 99.7450110348 3.41748680966
177.063948357 98.334804821 3.46415026802
177.803217058 96.97855472 3.50884290775
178.624637991 95.6745957938 3.55128005282
179.527854867 94.4213484903 3.59117201675
180.51231382 93.2173475725 3.62823022914
181.577255418 92.061261745 3.66217350458
182.721706797 90.9519028372 3.69273387472
183.94447042 89.8882271958 3.7196621306
185.244110275 88.8693302076 3.74273287176
186.618934532 87.8944350796 3.76174891628
188.066988355 86.9628771295 3.77654498305
189.586033341 86.0740858862 3.78699060552
191.173556473 85.2275620139 3.79299227216
192.826758359 84.4228572304 3.79449480755
194.542556963 83.6595532652 3.79148201288
196.317598021 82.9372421207 3.78397657493
198.148272105 82.2555084032 3.77203923638
200.030736635 81.6139142469 3.75576772379
201.960944879 81.0119871451 3.73529456116
203.934685573 80.4492110219 3.71078246597
205.947621552 79.9250203587 3.68242069522
207.995322075 79.4387952007 3.65042174904
210.073313074 78.9898613131 3.61501455323
212.177120428 78.5774911449 3.57643815848
214.302312105 78.2009063319 3.53493493948
216.444537928 77.859281251 3.49074355238
218.599568507 77.5517480399 3.44409108647
220.763325085 77.2774001933 3.39518724116
222.931900918 77.0352913152 3.34421942321
225.101589486 76.8244448281 3.29134722348
227.268907536 76.6438643346 3.23669868262
229.430598294 76.4925272939 3.18036978578
231.583638081 76.3693872208 3.12242505735
233.725238477 76.2733752836 3.06290013484
235.852844744 76.2034015261 3.0018062255
237.964133824 76.1583534908 2.93913746157
240.057004581 76.1371007344 2.87487670232
242.129566858 76.1384928586 2.80900357018
244.180141894 76.1613666594 2.74150463242
246.207253469 76.2045482717 2.67238161091
248.209619124 76.2668556029 2.60165863303
250.186145932 76.3471037264 2.52938866213
252.135928287 76.4441112724 2.45565819107
254.058248094 76.5567076905 2.38058987425
255.952579689 76.6837411568 2.30434290637
257.818589894 76.8240868221 2.22711110394
259.656140497 76.9766531552 2.14911973415
261.465308337 77.1403939503 2.07061735099
263.246386173 77.314312896 1.9918693578
264.99988985 77.4974690455 1.91314940068
266.726565009 77.688980866 1.83473012334
268.427391798 77.8880283346 1.75687398636
270.103588941 78.0938537713 1.67982472872
271.756614069 78.3057603868 1.6038000067
273.388149848 78.523104523 1.52898566568
275.000093591 78.7452888973 1.45553199068
276.594556511 78.9717617779 1.38355214783
278.17383411 79.2020029084 1.31312288061
279.740382265 79.4355138588 1.24428737241
281.296789263 79.6718082896 1.17706003983
282.845744571 79.9104027935 1.11143289164
284.390002089 80.1508113935 1.04738298362
285.932347418 80.3925380166 0.984880429512
287.475564815 80.6350701311 0.923896798571
289.0224017 80.8778807224 0.86441220961
290.575537901 81.1204336617 0.806420801602
292.137556435 81.3621872224 0.749936431163
293.710919315 81.6026036405 0.694995637873
295.297948037 81.8411617082 0.641658627626
296.90080904 82.077371977 0.590008247031
298.521468049 82.3107881507 0.54014706661
300.161728786 82.5410326225 0.492192821862
301.823224266 82.7678126661 0.446271925785
303.507406039 82.9909394691 0.402513903524
305.215544435 83.2103445154 0.361044265954
306.948729473 83.4260926565 0.32197702008
308.707868893 83.6383930929 0.285408282146
310.493682946 83.8476064476 0.251410819866
312.30669452 84.0542473818 0.220029825724
314.147231706 84.258980834 0.191280120757
316.015395707 84.4626155128 0.165144879374
317.911018073 84.6660909338 0.141576744236
319.833633887 84.8704626905 0.120497515066
321.78244202 85.0768781892 0.101801947261
323.756258282 85.2865496811 0.0853617017301
325.753464314 85.5007239181 0.0710297805219
327.771954794 85.7206487183 0.0586453539801
329.809085715 85.9475372254 0.0480386952271
331.861615744 86.1825289378 0.0390359663873
333.925647907 86.426648994 0.0314636426814
335.996650477 86.6807786267 0.0251524104459
338.069411939 86.945615351 0.0199404284078
340.138048551 87.221639626 0.0156758937857
342.196029723 87.5090851752 0.0122189023795
344.236227909 87.8079140065 0.00944263212418
346.250994708 88.1177971008 0.0072339110119
348.23226371 88.4381016161 0.00549325221442
350.171676365 88.7678874631 0.00413445191423
352.060736506 89.1059084986 0.00308350121111
353.890984511 89.4506204005 0.00227775149755
355.654177275 89.8002003452 0.00166584620629
357.342483 90.1525725834 0.00120555692007
358.948671205 90.5054408372 0.000862602428607
360.466291637 90.8563265429 0.000609499336679
361.889832369 91.2026117057 0.000424482995052
363.214847605 91.5415849403 0.000290524341744
364.438051945 91.8704913243 0.000194456977696
365.557355406 92.1865771535 0.000126809432369
366.571858661 92.4871374394 8.02104812379e-05
367.481794098 92.7695603861 4.87044227403e-05
368.288410965 93.0313666771 2.79132327322e-05
368.993814393 93.27024473 1.46532781476e-05
369.600763817 93.4840807916 6.63428132492e-06
370.112441147 93.6709837309 2.22622385129e-06
370.532201466 93.8293046931 2.81339104924e-07
370.863323538 93.9576520468 0.0
371.10876351 94.0549039025 0.0
371.270946637 94.1202120857 0.0
371.351592529 94.1530085124 0.0
