481.283369531 451.490216096 12.667114464
482.52840182 449.239794126 13.004871295
482.978275457 448.42817155 13.386265405
482.608881178 449.096169301 13.80497319
481.667350466 450.771405301 14.253710425
480.41248574 452.952575611 14.724359297
478.997483405 455.341419965 15.208131563
477.49351553 457.817355623 15.695762866
475.944365975 460.349169703 16.177744187
474.394603647 462.945651383 16.644603875
472.892407149 465.636725976 17.087250279
471.477465034 468.45736013 17.497371281
470.165640418 471.42384508 17.867890663
468.940354835 474.521858872 18.193383671
467.758148714 477.717060371 18.470428614
466.563637399 480.976990857 18.697810153
465.305828265 484.283725596 18.876525821
463.952981749 487.630341292 19.009588413
462.503173641 491.010018236 19.101642982
460.985088809 494.408276067 19.158455368
459.448406437 497.801607474 19.186359688
457.948996102 501.16142365 19.191739864
456.532661024 504.462634254 19.180595902
455.220573077 507.694163233 19.158261301
454.004376712 510.864425682 19.129226561
452.856108236 513.997004088 19.097084534
451.745361795 517.120367315 19.064557687
450.650733923 520.258690391 19.03357416
449.560908166 523.42620557 19.005365675
448.469661637 526.624261984 18.980569057
447.369711279 529.840966399 18.959321425
446.247938357 533.05357368 18.941345199
445.084727388 536.233711977 18.92602255
443.860238657 539.356131429 18.912460697
442.565287354 542.409197728 18.899550628
441.208354319 545.400553746 18.886023838
439.812651707 548.353192248 18.870515301
438.406525632 551.295568248 18.851612089
437.014312227 554.252887474 18.827938194
435.650192907 557.243574961 18.79823664
434.313970277 560.283224988 18.761456257
432.988251607 563.399081408 18.716834845
431.63801556 566.650475747 18.663967852
430.215771999 570.134456184 18.60285245
428.676545856 573.953595395 18.533900547
426.99969151 578.153968096 18.457919701
425.203574518 582.678048426 18.376066351
423.342143833 587.367703425 18.289779482
421.487690267 592.008084842 18.200703715
419.710059169 596.386811374 18.110608742
418.056807814 600.356681967 18.021307033
416.538884936 603.883866821 17.934575868
415.130766967 607.048612331 17.85207586
413.786572886 609.99262323 17.775268574
412.460651964 612.852986153 17.705336492
411.121224789 615.723521484 17.643110962
409.756478916 618.648338764 17.589016451
408.377961501 621.63219717 17.54303898
407.023821736 624.656153153 17.504723588
405.758641044 627.692684118 17.473200895
404.660811877 630.716412808 17.447238169
403.792883572 633.709193732 17.425307389
403.170084047 636.65912712 17.405662603
402.754470717 639.551441686 17.386421614
402.481935205 642.353838454 17.365641687
402.297327208 645.010006651 17.34140691
402.169894389 647.457560824 17.311912855
402.086346709 649.668225406 17.275547276
402.037840824 651.684560223 17.230962734
402.013988735 653.63007382 17.177128157
402.004294336 655.690853805 17.113345051
402.00107877 658.07204282 17.03921589
402.000217628 660.929746652 16.954558517
402.000033282 664.303924658 16.859270481
402.000002813 668.102258593 16.75315901
402.000002545 672.151705942 16.635763006
402.000031267 676.275096512 16.50620043
402.00020674 680.343492341 16.363074788
402.00103279 684.294569816 16.204479797
402.004140264 688.129698241 16.028092036
402.013575364 691.898918172 15.831375421
402.036874159 695.679611718 15.611865439
402.08412919 699.552995953 15.367494266
402.163868424 703.578269052 15.096908646
402.277636287 707.768352872 14.79973215
402.417335425 712.079689344 14.476734402
402.567197974 716.422499516 14.129888618
402.708564989 720.685399301 13.76232011
402.825186807 724.767627356 13.378165891
402.907715613 728.612759492 12.982374443
402.955216284 732.227102808 12.58047342
402.971712501 735.666726037 12.178324856
402.959870848 739.002240442 11.781870415
402.917503795 742.288977236 11.396873165
402.840483647 745.558890892 11.028649407
402.729631152 748.829299437 10.681797169
402.59589651 752.117163345 10.359940827
402.460658324 755.451569132 10.06552185
402.351625509 758.877990528 9.799669783
402.295234801 762.447500689 9.562181223
402.307344025 766.194795937 9.351618235
402.387877896 770.125161058 9.165516118
402.524926913 774.228874241 9.000670045
402.705593432 778.513559335 8.853457106
402.923942088 783.01986165 8.720147952
403.179669963 787.795913713 8.597173793
403.470346524 792.845983575 8.481315147
403.78475021 798.094607291 8.369819045
404.101623685 803.389833825 8.260451468
404.393425296 808.537939532 8.151496009
404.633933833 813.357187835 8.041721313
404.808414376 817.739398073 7.930334016
404.92187472 821.688500704 7.816929105
405.000450832 825.303052197 7.701444599
405.085824177 828.713895068 7.584123369
405.225150445 832.026449744 7.465482112
405.458004464 835.300168017 7.346285444
405.806113192 838.556202753 7.227521387
406.278060489 841.788673161 7.110372953
406.892226832 844.967711489 6.99617499
407.697952781 848.041104769 6.886367093
408.766381 850.948202118 6.782414772
410.148715801 853.647424601 6.685713439
411.837243359 856.137359572 6.597481201
413.766730953 858.449236139 6.518650122
415.853158356 860.615473421 6.449770841
418.032322514 862.644628606 6.390944998
420.270806042 864.525293983 6.341795647
422.554389274 866.248597812 6.301479021
424.874620039 867.818365614 6.268733543
427.225131742 869.233994691 6.24195634
429.604224708 870.466602787 6.219295212
432.015207616 871.462081969 6.19874543
434.461461962 872.17726761 6.178245896
436.940322512 872.616711555 6.155769562
439.440803197 872.833450213 6.129411358
441.945830213 872.89458951 6.097474938
444.436656146 872.84657074 6.058555381
446.89768071 872.707261272 6.011613211
449.319620984 872.478279342 5.95603153
451.697139224 872.151705552 5.891647493
454.019775568 871.698349456 5.818751883
456.263626065 871.05375589 5.738055567
458.395275471 870.130922644 5.650627338
460.390121431 868.866076185 5.557812184
462.251576898 867.264828148 5.461140784
464.014850482 865.408528062 5.362239633
465.733828051 863.418377005 5.262749851
467.462658087 861.409830025 5.164257053
469.240706787 859.462910566 5.068224114
471.082130211 857.610370664 4.975938269
472.971052062 855.838973081 4.88846698
474.863929411 854.101426119 4.806627689
476.698606688 852.334119641 4.730977819
478.410447576 850.476263279 4.661831701
479.954110234 848.489550312 4.599308599
481.318564988 846.37340906 4.543410966
482.518445712 844.167004855 4.494125464
483.564172836 841.9368691 4.451532861
484.438871247 839.757195289 4.415908343
485.107671527 837.687238727 4.387792815
485.550556677 835.748541582 4.368016129
485.781409419 833.91066543 4.357663127
485.830275008 832.09282614 4.35798496
485.70892823 830.180316201 4.370259673
485.399088502 828.054347172 4.395625396
484.876451686 825.633913 4.434912305
484.14482582 822.912031741 4.488501103
483.24636897 819.959437147 4.556231038
482.241961083 816.892335579 4.637370709
481.184424336 813.829161669 4.730652594
480.106064563 810.858262255 4.834360669
479.022020039 808.021283747 4.946452655
477.939226056 805.314024221 5.064696003
476.863625837 802.705455667 5.186799311
475.803621183 800.163415795 5.310527813
474.769478945 797.669315265 5.433800091
473.769563888 795.216036749 5.554762437
472.807019089 792.797934244 5.671847349
471.881436349 790.403933555 5.78381688
470.995467155 788.017215292 5.889789894
470.159650041 785.618762733 5.989249851
469.388498408 783.19153026 6.082029108
468.689591401 780.721799989 6.168267595
468.055924819 778.192673157 6.248347682
467.468908261 775.567952927 6.322811752
466.908199921 772.777950868 6.392272888
466.359298438 769.729279747 6.457330846
465.815174277 766.347830016 6.518503604
465.274937183 762.62997642 6.576185088
464.743561601 758.661676955 6.630632468
464.23327969 754.59319401 6.681975449
463.763272739 750.591413171 6.730248091
463.353704941 746.791136762 6.775431514
463.015679666 743.253785064 6.817497259
462.745536387 739.94617583 6.856441918
462.529731295 736.750804172 6.892306177
462.355880894 733.500605017 6.925175021
462.219571283 730.025393993 6.955159978
462.122782415 726.205845768 6.982368002
462.070060381 722.02115353 7.006864437
462.071550634 717.561843436 7.028638781
462.1534422 712.998207476 7.047582272
462.363106761 708.525349763 7.063482075
462.753814226 704.305538186 7.076035819
463.351376217 700.417324072 7.084887929
464.126386732 696.829226064 7.089679881
464.992228934 693.414122574 7.090107669
465.826242778 689.993914956 7.085976947
466.502420629 686.39207773 7.077246801
466.930788416 682.484948921 7.064055444
467.093271333 678.241961246 7.046724907
467.055063519 673.732274832 7.025745835
466.943209685 669.090643691 7.001746899
466.906592096 664.465976739 6.975455122
467.072273799 659.978076291 6.947653323
467.506252715 655.691164836 6.919139626
468.19448432 651.610616217 6.890689783
469.058545658 647.708392152 6.863025969
469.995008822 643.962226199 6.836788522
470.912091551 640.376799427 6.812511055
471.750638846 636.970525882 6.790599368
472.491754015 633.745606431 6.771315731
473.153099649 630.673752551 6.754770724
473.775310266 627.709884305 6.740924523
474.404994019 624.816062084 6.729598267
475.080894936 621.972905698 6.720494437
475.825755206 619.175613242 6.713223631
476.646947977 616.428559892 6.707334299
477.548513429 613.7499021 6.702342136
478.5477829 611.181519836 6.697757557
479.680267493 608.786477683 6.6931076
480.983679721 606.622246095 6.687956088
482.474863477 604.703777467 6.681920729
484.146867761 602.988035945 6.674687653
485.994690112 601.393464731 6.666023617
488.04308657 599.835189159 6.655785078
490.341414501 598.251030614 6.643922993
492.923855752 596.613324073 6.630482363
495.772337808 594.934287198 6.615596263
498.81705535 593.270291885 6.599474976
501.969459311 591.721957817 6.582391592
505.155783238 590.417015264 6.564665726
508.331324821 589.465641769 6.546646731
511.478865862 588.907856959 6.528695839
514.601156278 588.69884626 6.511170351
517.712510044 588.750977429 6.49440721
520.831176808 588.993499047 6.478704604
523.97273011 589.396983589 6.46430339
527.143180833 589.953199646 6.451368231
530.331121106 590.643262555 6.439969469
533.499427327 591.425241212 6.430066885
536.580427535 592.243632616 6.421496227
539.48518676 593.045674089 6.413958996
542.136544421 593.794231016 6.407015841
544.514396956 594.474807008 6.400084231
546.681516175 595.094592049 6.392442031
548.77167283 595.672937346 6.383239711
550.951589458 596.229396896 6.371524209
553.373566182 596.777110772 6.35627754
556.128423361 597.323371103 6.336472292
559.21848462 597.874375236 6.311139272
562.573338223 598.441383793 6.279441753
566.099573475 599.045765696 6.240745765
569.725477953 599.7180586 6.194674439
573.413737601 600.486949635 6.14113564
577.149869763 601.363348796 6.080316228
580.929527515 602.333282025 6.012642416
584.75678314 603.366782154 5.938712312
588.647415188 604.434007858 5.859212098
592.624994127 605.515195295 5.774830118
596.706797585 606.600890872 5.686182738
600.890363827 607.687721447 5.593765644
605.153156409 608.774774775 5.497930531
609.464824602 609.861861862 5.398891661
613.800259076 610.948948949 5.296759457
618.144402601 612.036036036 5.191591105
622.489321247 613.123123123 5.083450118
626.82833961 614.21021021 4.972466634
631.150670756 615.297297297 4.858892264
635.439058709 616.384348213 4.743145787
639.673198744 617.471163064 4.625848237
643.83838663 618.556778787 4.507846951
647.932493664 619.637650393 4.390227705
651.963315373 620.70390327 4.274312334
655.937396645 621.735086989 4.161637675
659.851489448 622.700809371 4.053909382
663.69644492 623.571710739 3.95292588
667.471069416 624.337154971 3.860476089
671.194016287 625.016317973 3.778213639
674.905490756 625.653980034 3.707522773
678.659611131 626.305971297 3.649395243
682.51013127 627.023002115 3.604339058
686.491151373 627.836176311 3.572336484
690.600171105 628.747425263 3.552860496
694.793925263 629.730407806 3.54494793
698.998794623 630.74175833 3.547316845
703.130034543 631.73582156 3.558507851
707.116194494 632.678041656 3.577026306
710.922087863 633.556024301 3.60146486
714.553415721 634.385736035 3.63059003
718.033737682 635.210254069 3.663390655
721.37225769 636.091344851 3.699086654
724.553367204 637.093564621 3.737106665
727.556692855 638.261805541 3.777045638
730.38482162 639.603555441 3.818613327
733.070160425 641.092059546 3.861582892
735.656862283 642.690246807 3.905745862
738.178556609 644.374398 3.950876614
740.650899439 646.138346548 3.996707027
743.077735484 647.980970668 4.042910555
745.456511824 649.895195036 4.089094573
747.774227299 651.870388811 4.13480035
750.000381182 653.902492368 4.179509623
752.091494538 655.998281411 4.222665414
754.012103339 658.17003332 4.263695158
755.757066071 660.431900453 4.30204531
757.353309081 662.812688256 4.337223127
758.838368266 665.381910023 4.368840913
760.236823048 668.259036123 4.396657392
761.555053567 671.574619493 4.420610727
762.792316658 675.398631171 4.440838949
763.949521666 679.701904385 4.457685869
765.023457275 684.395277968 4.471693069
765.994444488 689.408670925 4.483580547
766.826405892 694.730884435 4.494219176
767.486941518 700.377526706 4.504597414
767.971907914 706.326578731 4.51578317
768.310712663 712.479757121 4.528881392
768.547548252 718.669954071 4.544982799
768.717879502 724.700363908 4.565108378
768.8403017 730.401473457 4.590150305
768.925362333 735.691420379 4.620815875
768.989651799 740.60627341 4.65758295
769.065565818 745.274816096 4.700675851
769.203015634 749.857905013 4.750068376
769.459732571 754.493873567 4.805516204
769.878921446 759.266326257 4.86661523
770.464660165 764.188005774 4.932877068
771.172589205 769.196564403 5.003809334
771.921917693 774.163302056 5.078987353
772.619506925 778.919216531 5.158105389
773.186876165 783.30613558 5.240997446
773.584537873 787.243183206 5.32763352
773.822514045 790.766189223 5.418083841
773.948075427 794.006002579 5.512463825
774.019493506 797.125435636 5.610868515
774.084445551 800.262768725 5.713306771
774.171588817 803.504581158 5.819643954
774.291795285 806.883108674 5.929558906
774.44447632 810.392536774 6.042517568
774.626167525 814.018233718 6.157762692
774.836953749 817.760810335 6.274317651
775.080123232 821.635596461 6.391002669
775.354849169 825.648336813 6.506463375
775.646052534 829.767632563 6.619213314
775.915725134 833.912230696 6.727696447
776.100109083 837.957257878 6.83036272
776.120714372 841.761160034 6.925763596
775.913830205 845.21548328 7.012656413
775.464388791 848.298945955 7.090106304
774.816771637 851.098649906 7.157571199
774.052752285 853.783002131 7.214956201
773.256381299 856.547557257 7.26262811
772.489236652 859.557954683 7.301387977
771.780999228 862.901160741 7.332407168
771.129845487 866.562434744 7.357138258
770.50873441 870.444617039 7.377214538
769.87523161 874.416893379 7.394350546
769.183586803 878.361028322 7.410254556
768.399555273 882.198517689 7.426553673
767.514806272 885.899779036 7.444729732
766.552379646 889.475597665 7.46607211
765.559241555 892.953208637 7.491642124
764.591313401 896.352043247 7.522252577
763.697395431 899.676242254 7.558467218
762.905646783 902.924256007 7.600625486
762.218992831 906.100193152 7.648895952
761.625403037 909.213695273 7.703357346
761.116819219 912.270393111 7.76409992
760.699706521 915.265574758 7.8313337
760.386260678 918.188866179 7.905485565
760.173272845 921.033890929 7.987265969
760.025488442 923.799456124 8.077684665
759.873305376 926.47794082 8.178009129
759.624743274 929.043895151 8.289665996
759.190877963 931.460883798 8.414088567
758.519814767 933.70907187 8.552535517
757.620039367 935.81568383 8.705907305
756.553858156 937.869811307 8.874588903
755.406407408 940.016588114 9.058342681
754.254106611 942.428151388 9.25626524
753.147107358 945.247027046 9.466809611
752.104441383 948.52237106 9.687862841
751.118082497 952.187709764 9.916861887
750.163675973 956.102914751 10.150929358
749.213042618 960.123551391 10.387014164
748.243370059 964.146782571 10.622028093
747.242096603 968.121771914 10.852980946
746.207983992 972.041847315 11.07710784
745.14817949 975.933157864 11.291992113
744.072646022 979.84367552 11.495677248
742.989386828 983.830202033 11.686755991
741.902456338 987.93977772 11.864421772
740.811429024 992.189605604 12.028468857
739.709793171 996.559605597 12.179234093
738.581766519 1001.00482274 12.317483311
737.401189916 1005.47696731 12.44425646
736.138109674 1009.93962695 12.560694322
734.77347792 1014.37252634 12.667873657
733.312929404 1018.76793672 12.766674832
731.789418857 1023.12172682 12.857704976
730.254257556 1027.42276965 12.941279624
728.762826919 1031.64910402 13.017459961
727.358678608 1035.77811096 13.086137279
726.059581652 1039.80666154 13.147142818
724.854025984 1043.76751815 13.200360928
723.712589581 1047.732252 13.245825049
722.605303838 1051.7998422 13.283781377
721.512116205 1056.07060584 13.31471286
720.423100771 1060.60829829 13.339324465
719.333617284 1065.40944599 13.358497709
718.239394225 1070.40333499 13.373226655
717.13344334 1075.48189761 13.384548503
716.006092102 1080.53681096 13.393481033
714.850126007 1085.48717168 13.400967726
713.671854056 1090.29294614 13.407843201
712.506768303 1094.94773042 13.414811665
711.435451714 1099.44958666 13.422435445
710.586990943 1103.77094097 13.431131303
710.109995595 1107.85843221 13.441171765
710.111106492 1111.66854922 13.452689838
710.604111629 1115.20776159 13.465686395
711.52289988 1118.54033918 13.480039885
712.793856427 1121.76061127 13.49551804
714.39820048 1124.95678597 13.511791159
716.363569356 1128.1878117 13.528446665
718.699483246 1131.47345866 13.545005157
721.346577497 1134.7903412 13.560939511
724.184315898 1138.07133788 13.575694561
727.076972599 1141.21279513 13.588714553
729.915196798 1144.09979753 13.599473992
732.637600443 1146.65083514 13.607510824
735.23804306 1148.85604208 13.612458794
737.762566894 1150.77364957 13.614074107
740.29696153 1152.48436207 13.612251402
742.945502265 1154.04476497 13.607025284
745.798883551 1155.47624584 13.598556139
748.898186555 1156.78428529 13.587101941
752.218742628 1157.97550282 13.572980533
755.689450749 1159.05212955 13.556528622
759.231027738 1159.99576905 13.538064092
762.783892752 1160.76726984 13.51786255
766.315384559 1161.33252853 13.496153584
769.814392654 1161.69444866 13.473109173
773.281797769 1161.90313104 13.448875176
776.720590733 1162.03858534 13.423615239
780.129528101 1162.18297851 13.39757594
783.50349507 1162.39757823 13.371175633
786.838128791 1162.70760254 13.345120058
790.131667712 1163.09606647 13.320546598
793.379802648 1163.50835524 13.299194894
796.568466826 1163.86564594 13.28359343
799.67465744 1164.0857587 13.277240112
802.679154309 1164.11073665 13.284741939
805.582323306 1163.93001903 13.311868551
808.409770709 1163.5807561 13.365464494
811.204423854 1163.12298639 13.453189448
814.012536678 1162.61020926 13.583085641
816.870810086 1162.07534341 13.762958013
819.797520313 1161.53282306 13.999651364
822.79109942 1160.9859194 14.298310851
825.838420547 1160.4314952 14.661733082
828.927278887 1159.86187882 15.089905631
832.053167199 1159.26711418 15.579799871
835.216505932 1158.63970939 16.125434416
838.415698349 1157.98033797 16.7181784
841.643674576 1157.30101132 17.347229784
844.890203326 1156.62416536 18.000192841
848.146355492 1155.97798651 18.66369111
851.407337095 1155.3880064 19.323983198
854.674039507 1154.86681635 19.967562521
857.956475276 1154.4080973 20.581750412
861.28056228 1153.98986743 21.15529017
864.693236308 1153.58403821 21.678916592
868.254902169 1153.16558999 22.145858235
872.013554623 1152.71836078 22.552209149
875.973497201 1152.23749309 22.897106944
880.081985507 1151.7279823 23.182676015
884.242443969 1151.19963884 23.413733146
888.343127041 1150.66160782 23.59729507
892.289591063 1150.11967113 23.741960205
896.034372224 1149.57650047 23.857249799
899.59132501 1149.03302453 23.952982305
903.023887112 1148.48948949 24.038728621
906.415683432 1147.94594595 24.12339933
909.842283523 1147.4024024 24.214901337
913.352378541 1146.85885886 24.319887562
916.957207171 1146.31531532 24.443571289
920.62888037 1145.77177177 24.589594905
924.308453785 1145.22822823 24.759955473
927.921692751 1144.68468468 24.954995464
931.401561617 1144.14114114 25.173464953
934.714724221 1143.5975976 25.412653292
937.880080097 1143.05405405 25.66857836
940.967891046 1142.51051051 25.936215396
944.081685725 1141.96696697 26.209748289
947.330719282 1141.42342342 26.482836961
950.795828024 1140.87987988 26.748889039
954.497637006 1140.33633634 27.001345989
958.386935368 1139.79279279 27.234008983
962.36532024 1139.24924704 27.441367958
966.32092851 1138.70567696 27.618924247
970.161622377 1138.16196903 27.763468656
973.839697145 1137.6176433 27.873270194
977.363037585 1137.0711274 27.948136306
980.78690117 1136.51847288 27.989323851
984.191338453 1135.95221967 27.999306702
987.656126229 1135.3621709 27.981433188
991.239014218 1134.73916068 27.939526802
994.960780189 1134.07959558 27.877491394
998.805751629 1133.38617661 27.798974133
1002.740271 1132.66326872 27.707135655
1006.73555074 1131.9114094 27.604526058
1010.77852518 1131.12685349 27.493070444
1014.87084663 1130.30678803 27.374144832
1019.03086326 1129.45511671 27.248707794
1023.31041336 1128.58397059 27.117456088
1027.81615734 1127.71085219 26.980977179
1032.70161976 1126.85394397 26.839880002
1038.10396607 1126.02711933 26.69489454
1044.05162415 1125.23616658 26.546938501
1050.41020333 1124.47913794 26.397154062
1056.90371563 1123.75169466 26.246918936
1063.18927853 1123.05309109 26.097834461
1068.95441394 1122.38705152 25.951693981
1074.01677148 1121.75697505 25.810428911
1078.38152588 1121.16074357 25.67601295
1082.20836997 1120.59024922 25.550366547
1085.70856534 1120.03530453 25.435240599
1089.05175748 1119.48766756 25.332106637
1092.33393497 1118.94205584 25.242076327
1095.5917429 1118.39400242 25.165874041
1098.82421228 1117.83558195 25.10388085
1102.00250366 1117.2505051 25.056256756
1105.07437068 1116.61235126 25.023132139
1107.97886454 1115.89101302 25.004842481
1110.67322895 1115.0670108 25.002166147
1113.15121369 1114.14385337 25.016516986
1115.43011973 1113.1478805 25.050047802
1117.51405537 1112.11641945 25.105638275
1119.37117302 1111.08411775 25.186708256
1120.95416499 1110.07384487 25.296934338
1122.24912399 1109.09150004 25.439873651
1123.30652067 1108.12277701 25.618572302
1124.22825067 1107.1320103 25.835239456
1125.12894874 1106.06591141 26.091064167
1126.10186106 1104.8671654 26.386230063
1127.20000205 1103.49667164 26.72014609
1128.43205442 1101.94907071 27.091866802
1129.77434653 1100.24394789 27.500632766
1131.193957 1098.39700162 27.946429853
1132.66772727 1096.39898152 28.430452942
1134.1858469 1094.22475209 28.95536185
1135.74374623 1091.86269537 29.525261528
1137.33416494 1089.33161799 30.14539133
1138.94639269 1086.66702541 30.821518183
1140.57016269 1083.89396181 31.55914214
1142.19857597 1081.01600647 32.362630158
1143.82774855 1078.0285146 33.234416882
1145.45416407 1074.93868707 34.174397842
1147.07094748 1071.77285359 35.179600391
1148.66443302 1068.56840259 36.244161359
1150.21434595 1065.36108025 37.359583281
1151.70092102 1062.17636652 38.515198784
1153.1162665 1059.02670959 39.698755707
1154.47086857 1055.91455949 40.897044795
1155.78951322 1052.84051377 42.096507542
1157.1009951 1049.81133082 43.283837054
1158.42922362 1046.84032353 44.44653541
1159.78847742 1043.93871799 45.573441599
1161.1825777 1041.10582056 46.655221277
1162.60845023 1038.32742691 47.684774042
1164.06281096 1035.58321992 48.657497695
1165.54698274 1032.85527492 49.571345463
1167.06523886 1030.12986761 50.426631864
1168.61771731 1027.38917915 51.225582957
1170.1935171 1024.59177387 51.971676945
1171.76826201 1021.64550956 52.66886721
1173.30688292 1018.39300153 53.320809252
1174.77207905 1014.64292296 53.930216203
1176.13785407 1010.25506413 54.498445563
1177.4011566 1005.2271609 55.025407687
1178.58176531 999.711721191 55.50974128
1179.70976939 993.952248307 55.949266435
1180.81118957 988.194179745 56.34160189
1181.90097351 982.619149361 56.684828809
1182.9823262 977.31325551 56.978079739
1184.04558923 972.272066157 57.221952266
1185.06325111 967.442641572 57.418686845
1185.98652627 962.776968389 57.572097782
1186.75487401 958.257889565 57.687293669
1187.3222211 953.884485733 57.770257891
1187.68415401 949.638662112 57.827374376
1187.88266616 945.460912966 57.864979958
1187.98450371 941.246350606 57.888996317
1188.05274283 936.861589796 57.904660113
1188.13042258 932.18416849 57.91638913
1188.23861058 927.151939102 57.92772819
1188.38309436 921.785446069 57.941363538
1188.5650703 916.158042013 57.959179572
1188.79067039 910.339168913 57.982338563
1189.07272173 904.36171629 58.011371689
1189.42252852 898.234779677 58.046275509
1189.83799264 891.980458044 58.086610769
1190.29728131 885.663589054 58.131600782
1190.76143754 879.400392366 58.180226034
1191.18359323 873.342378068 58.231311607
1191.52283265 867.630560317 58.283607746
1191.75964759 862.331563892 58.335855542
1191.90449912 857.396314674 58.38683953
1191.99283189 852.673270372 58.435448711
1192.0708075 847.96186097 58.480723488
1192.18089595 843.07226939 58.521897567
1192.35137715 837.87665685 58.558431716
1192.59101673 832.342875771 58.590034872
1192.89198167 826.531581775 58.616668272
1193.24061978 820.554114201 58.638530295
1193.6280941 814.52059186 58.656022856
1194.05228516 808.50843958 58.669703574
1194.51053158 802.555419448 58.680230364
1194.98963827 796.667425172 58.688305831
1195.45891415 790.833551312 58.694627367
1195.86930342 785.041736727 58.699843976
1196.16272896 779.28692647 58.704532568
1196.29372647 773.568417607 58.709176159
1196.25312735 767.880966676 58.714150477
1196.07515354 762.206592228 58.719713444
1195.82182762 756.511127527 58.725993719
1195.55831668 750.748042585 58.732975497
1195.33463034 744.872769276 58.740477699
1195.17827727 738.865838178 58.748127019
1195.09807888 732.753612062 58.755326082
1195.09885123 726.615748692 58.761220491
1195.1987754 720.576760785 58.764671584
1195.43331914 714.778866638 58.764244633
1195.83747161 709.333965805 58.758224392
1196.41991838 704.275266485 58.744668112
1197.15426505 699.548632374 58.721500331
1197.99597615 695.055995606 58.6866525
1198.90728236 690.712582394 58.638232029
1199.86820473 686.472221545 58.574701198
1200.87060191 682.314841438 58.495039037
1201.90771449 678.222727177 58.398859165
1202.96987378 674.168265448 58.286462997
1204.04668304 670.115626871 58.158819461
1205.13031135 666.029048078 58.017476326
1206.21645834 661.883221286 57.864420431
1207.30334112 657.673104232 57.701911481
1208.39039381 653.418836367 57.532314821
1209.47746582 649.163020247 57.357952674
1210.56440416 644.961273686 57.180982914
1211.6505582 640.866898032 57.003320318
1212.73316273 636.913672083 56.826578213
1213.80306422 633.109729539 56.65203367
1214.83704124 629.454021402 56.480605911
1215.79073971 625.965201151 56.31284226
1216.60272103 622.692809764 56.148908466
1217.21611099 619.691316561 55.988582175
1217.60395664 616.975473352 55.831249336
1217.76927001 614.499025694 55.675904102
1217.71082237 612.175758298 55.521154034
1217.38776956 609.919543072 55.365234774
1216.72769741 607.671092987 55.206041248
1215.68119075 605.404666569 55.041183873
1214.27491861 603.127513622 54.868068677
1212.61632433 600.882632959 54.684036515
1210.85312993 598.752157278 54.486519099
1209.12413997 596.845662627 54.273215206
1207.52340806 595.26049919 54.042256911
1206.07830571 594.030757 53.792332665
1204.74154449 593.107640886 53.522735139
1203.39965891 592.39131072 53.233311606
1201.89781501 591.783957285 52.92431182
1200.08329633 591.221288908 52.596149595
1197.86257509 590.672058096 52.249114706
1195.24066148 590.122726934 51.883086563
1192.30844529 589.563188625 51.497306604
1189.18694939 588.978506088 51.090264273
1185.97479665 588.347631325 50.659729379
1182.73147152 587.648613309 50.202930437
1179.49264633 586.863035795 49.716881841
1176.29962516 585.96703081 49.19880075
1173.22859509 584.906412099 48.646552628
1170.40211625 583.578716037 48.059054953
1167.9610276 581.855555183 47.436577262
1165.99905646 579.64621224 46.780897338
1164.50608796 576.951511779 46.095302279
1163.37056583 573.85247576 45.384451299
1162.43719883 570.441648584 44.654136638
1161.56944112 566.764242298 43.910985291
1160.68018294 562.821087636 43.162138052
1159.73291284 558.618509942 42.414931107
1158.72913438 554.209288771 41.676573295
1157.69147654 549.691607739 40.953837241
1156.64817376 545.179225289 40.252754343
1155.62294035 540.769323261 39.578326764
1154.63079947 536.518881222 38.934284161
1153.67982713 532.433682974 38.322921838
1152.78000694 528.476320797 37.74505676
1151.95569688 524.589891557 37.200124629
1151.24949707 520.721705788 36.686417821
1150.70651546 516.834795253 36.201436562
1150.34704366 512.905831648 35.742302317
1150.15338828 508.911056967 35.306169378
1150.08553411 504.80424267 34.89057277
1150.10951218 500.502259731 34.493664112
1150.21124062 495.901243955 34.114294608
1150.38801243 490.926660427 33.751974768
1150.63183832 485.583031561 33.406713726
1150.92058487 479.960952677 33.078788203
1151.22025444 474.198248582 32.768494551
1151.4931087 468.429444401 32.475935117
1151.70694893 462.750981709 32.200879258
1151.84055399 457.206330509 31.942721451
1151.87685036 451.790194034 31.700537847
1151.78125307 446.470504097 31.473222575
1151.48228877 441.215411873 31.259669985
1150.88271569 436.007769566 31.058961482
1149.90724811 430.843738444 30.870514703
1148.55124685 425.727732911 30.694165358
1146.88401733 420.676748645 30.530172771
1145.00328719 415.733157939 30.379126361
1142.98471461 410.968067824 30.241788199
1140.86582213 406.457501861 30.118893901
1138.66185768 402.241773639 30.010946153
1136.38478846 398.307404991 29.918034817
1134.04652811 394.615689379 29.839710032
1131.65147834 391.150918878 29.774922506
1129.19373846 387.937410472 29.722031466
1126.66545294 385.008645706 29.678869277
1124.06884115 382.36338377 29.642845197
1121.42091766 379.955051787 29.611070234
1118.74839483 377.72185914 29.580488373
1116.07853504 375.622767403 29.548012536
1113.43099733 373.645568367 29.510657462
1110.81104101 371.789251678 29.465671009
1108.20323428 370.049047195 29.4106663
1105.56637973 368.422867698 29.343745106
1102.83386035 366.928379154 29.2635999
1099.92783823 365.60471491 29.169579221
1096.79021142 364.488767686 29.061703031
1093.41395556 363.586065511 28.940621751
1089.84919412 362.866117276 28.807522427
1086.17882598 362.287283433 28.663995253
1082.48482292 361.825031523 28.511880113
1078.82576815 361.476939545 28.353114384
1075.22889249 361.246236691 28.189598389
1071.69241465 361.128224817 28.023098862
1068.19521447 361.116560306 27.855175503
1064.70930718 361.220301241 27.687144178
1061.20966422 361.468244317 27.520065636
1057.67917589 361.890644571 27.354753674
1054.10828589 362.495272104 27.191798522
1050.48770872 363.264575241 27.031603516
1046.79641689 364.178878089 26.874434565
1042.99585054 365.240325203 26.720481705
1039.04259806 366.469643098 26.569930082
1034.91667659 367.876408519 26.423034549
1030.64488629 369.430221206 26.280188741
1026.30233084 371.055026521 26.141977177
1021.9943781 372.645177144 26.009199106
1017.82828107 374.09289699 25.882843212
1013.87719485 375.322649937 25.7640382
1010.14352452 376.323114423 25.653948913
1006.53740082 377.158746044 25.553643629
1002.88043714 377.953570052 25.463946091
998.938740188 378.856639296 25.385291367
994.492205342 379.99799128 25.317603596
989.426051506 381.443053408 25.260208618
983.787625349 383.16710837 25.21178724
977.76078759 385.068585924 25.170367936
971.581565308 387.010482247 25.133353792
965.457837551 388.863921933 25.097578821
959.524138058 390.542125287 25.05939287
953.828899874 392.022356569 25.01478144
948.35250191 393.347874862 24.959529946
943.050588285 394.607240499 24.88942408
937.895249785 395.902733067 24.800504785
932.88408229 397.320014143 24.689349451
928.016721992 398.903993974 24.553353489
923.265283372 400.648859649 24.390975408
918.561618125 402.509815703 24.20190907
913.804480907 404.42885396 23.987157193
908.88266571 406.356587406 23.748997614
903.713694268 408.259885382 23.490852845
898.287872505 410.115581667 23.217087966
892.694719787 411.891819049 22.932767453
887.117650754 413.522973683 22.643397559
881.797301425 414.899135835 22.354668784
876.962654863 415.895754654 22.072210664
872.742827484 416.437371841 21.801342796
869.11115453 416.545082739 21.546832575
865.909786192 416.322260741 21.312662461
862.934690622 415.89303955 21.101825243
860.014232316 415.348959743 20.916174344
857.043652792 414.735632599 20.756357333
853.985344773 414.065193831 20.621852202
850.854868869 413.324725895 20.511109432
847.702185239 412.469813952 20.421783181
844.591828127 411.419934431 20.351018066
841.583079323 410.080473798 20.295748985
838.71176837 408.390509677 20.252972818
835.983040962 406.358534046 20.219955366
833.384641162 404.049775721 20.194355447
830.912804828 401.536172094 20.174285681
828.586399177 398.856705554 20.158288887
826.433275838 396.018449655 20.14526452
824.461156543 393.023083003 20.134360801
822.64237918 389.881962676 20.124847962
820.926315855 386.603708334 20.115983161
819.264304229 383.17435635 20.106873333
817.62502278 379.560600411 20.096340363
815.995458999 375.742846496 20.082794537
814.377262124 371.755164373 20.0641269
812.787272273 367.707583321 20.037637275
811.261017391 363.782877584 20.000018624
809.848968421 360.202178209 19.947426582
808.596640163 357.151118478 19.875643873
807.51527727 354.691256937 19.780334169
806.563897739 352.720484481 19.657386134
805.655034993 351.016313969 19.503299904
804.677967286 349.323648092 19.315564802
803.52996462 347.431876967 19.09297075
802.149753442 345.223410045 18.835804301
800.539224207 342.691603011 18.545900696
798.756911351 339.921169597 18.226550229
796.887262227 337.040176924 17.882282918
795.008172932 334.171311925 17.518572439
793.171803199 331.399532094 17.141504557
791.397770147 328.754980405 16.757447382
789.674683192 326.209802269 16.372748619
787.968132643 323.689259985 15.993459814
786.232542916 321.093301783 15.625092052
784.425061119 318.325549186 15.272398751
782.521451621 315.327925826 14.939189317
780.530368102 312.108225266 14.628188779
778.500290788 308.743703949 14.340965099
776.516676873 305.360061635 14.077945064
774.686013843 302.097346928 13.838529826
773.101466205 299.068819268 13.621304377
771.800463575 296.3220504 13.424316735
770.745674493 293.82708476 13.245387787
769.847658882 291.505383564 13.082406095
769.008513353 289.27622851 12.933567697
768.153653234 287.085151043 12.797519395
767.241247158 284.904190356 12.673404794
766.256142737 282.716975016 12.560817817
765.193716979 280.50136185 12.459675238
764.039717165 278.216141153 12.370045375
762.760587625 275.800539189 12.291968247
761.317495443 273.195248972 12.225299568
759.696827582 270.37639107 12.169602255
757.931461778 267.375107401 12.124097054
756.095907876 264.265507462 12.087671246
754.283068146 261.133832278 12.058934142
752.577500128 258.051476283 12.036302059
751.030742687 255.059325133 12.018094544
749.643596273 252.161068182 12.002624645
748.364104302 249.325267225 11.988284499
747.102404438 246.495549411 11.973607007
745.755549317 243.606113516 11.957313388
744.238506165 240.601595017 11.93835059
742.515742107 237.457468967 11.915918391
740.616429225 234.188575688 11.889486587
738.621535659 230.837741529 11.858801039
736.633189605 227.453820504 11.823876895
734.743755479 224.075059157 11.784978325
733.010718808 220.723288281 11.742586085
731.44064618 217.405460191 11.697356172
729.989925709 214.11947693 11.650073898
728.582691082 210.862126589 11.601607384
727.135785855 207.634711986 11.552862784
725.582887287 204.442555932 11.504750952
723.894156617 201.290666605 11.458142369
722.083305498 198.182796508 11.413836081
720.19635221 195.127983546 11.372531794
718.290019626 192.14861284 11.33481104
716.413107667 189.278238409 11.301133376
714.595676469 186.545702765 11.271854178
712.845190951 183.958827843 11.247269031
711.150342326 181.506476596 11.227685733
709.491390074 179.180251964 11.21351894
707.850678424 176.993686801 11.205395688
706.21757668 174.976922452 11.20425377
704.588362002 173.15315206 11.211411136
702.965176253 171.528365879 11.228583379
701.356642191 170.114552804 11.257829733
699.778631089 168.964809018 11.30143407
698.251066353 168.174087843 11.361708797
696.788515269 167.826992458 11.440753397
695.388366407 167.931924403 11.540198157
694.023436191 168.402637099 11.660971376
692.642452142 169.101791692 11.803125482
691.179325178 169.902581301 11.965746569
689.572929051 170.723074866 12.146955645
687.792582829 171.528809258 12.343993164
685.852316556 172.323951819 12.553366097
683.80102556 173.145246823 12.771032075
681.697225988 174.057487257 12.992598456
679.587987775 175.139554868 13.21351933
677.500521855 176.456265984 13.429292187
675.442181951 178.033567464 13.635653712
673.403583891 179.866964331 13.828767137
671.363039743 181.96555783 14.005400651
669.292507609 184.388446778 14.163077826
667.166077416 187.224827502 14.300175858
664.969646429 190.523661391 14.415946701
662.705463131 194.235931543 14.510444107
660.386565566 198.220339058 14.584354911
658.025422829 202.298258691 14.638752048
655.626879282 206.311150069 14.674804503
653.190086211 210.157685114 14.693490938
650.714414675 213.811779973 14.695365669
648.201115508 217.321106187 14.680421097
645.648534023 220.786007551 14.648074534
643.047263029 224.327232944 14.597266066
640.383011815 228.049610472 14.526672919
637.646646573 232.00660032 14.434991571
634.841712362 236.180584047 14.321241211
631.981437762 240.492610131 14.185038678
629.078559571 244.833942249 14.026803338
626.138501218 249.100125398 13.847866495
623.161980166 253.218156112 13.650479754
620.153898849 257.162789742 13.437734755
617.131687722 260.952753464 13.21341829
614.128937376 264.625594998 12.981829659
611.192061116 268.20969167 12.747582729
608.367458971 271.714824226 12.51540253
605.68249007 275.142289831 12.289917549
603.13410548 278.49743991 12.075458538
600.697229934 281.790271849 11.875851326
598.34637533 285.026322548 11.694218695
596.070532205 288.200903755 11.532809012
593.869675088 291.30468363 11.392875328
591.740024716 294.335137887 11.274627318
589.663363775 297.301502849 11.177269365
587.60772749 300.218400683 11.099123552
585.535770714 303.095871202 11.037820872
583.415290102 305.936193628 10.990532326
581.229183011 308.739042268 10.954207243
578.981394761 311.507933979 10.925790912
576.69529445 314.251521705 10.902398517
574.405685585 316.980105171 10.881437248
572.148487635 319.702059034 10.860688239
569.949643375 322.423903493 10.838345848
567.814414348 325.155357458 10.813028905
565.721086616 327.919807256 10.783772163
563.622190001 330.767362764 10.750002792
561.453625422 333.778688067 10.711503947
559.152649913 337.043865398 10.668366365
556.682059642 340.618218989 10.620929695
554.046929361 344.485673817 10.569717069
551.289834089 348.560405966 10.515368103
548.468456184 352.722480346 10.458576101
545.633381909 356.858509859 10.400032773
542.817546953 360.889037058 10.340394476
540.036518029 364.780040233 10.280251311
537.295919899 368.535628631 10.220111785
534.602797191 372.172700705 10.16040119
531.973993028 375.694893552 10.101469761
529.433104243 379.088087459 10.043610792
526.995964116 382.340233363 9.987089488
524.656322574 385.465711596 9.932183568
522.383741162 388.514233771 9.87923571
520.13368779 391.561903991 9.828715599
517.861449649 394.692085651 9.781285834
515.534821234 397.969887976 9.737861999
513.144525332 401.415788457 9.699653884
510.709766728 404.992448965 9.668174014
508.276404407 408.613654776 9.645197382
505.907694251 412.16900923 9.632686036
503.666868674 415.55559695 9.632637859
501.593028976 418.712053889 9.646922385
499.68214592 421.642572481 9.677103388
497.887292416 424.414936856 9.724286389
496.137246161 427.134310102 9.789008732
494.360091702 429.909573707 9.871226425
492.503233578 432.822562345 9.970397316
490.548162673 435.90386563 10.085627666
488.516190779 439.124644051 10.215877449
486.462070051 442.410541228 10.360172159
484.459644701 445.666848702 10.517778556
482.583702152 448.801655772 10.688250619
480.899024626 451.726370062 10.87135242
479.476291482 454.309179715 11.066804023
478.447036302 456.273405598 11.273873194
478.039722613 457.14752352 11.490866892
478.475663177 456.476766458 11.714618608
479.71356383 454.306234623 11.940097546
481.294119517 451.470715516 12.160271592
