36.5862881547 -121.756704291 232.667114464
36.5862284312 -121.756749777 233.004871295
36.5861664778 -121.756796167 233.386265405
36.5861040448 -121.756842024 233.80497319
36.5860424167 -121.756886348 234.253710425
36.5859824512 -121.756928531 234.724359297
36.5859246725 -121.756968273 235.208131563
36.5858693882 -121.757005463 235.695762866
36.5858167972 -121.757040083 236.177744187
36.5857670707 -121.757072128 236.644603875
36.5857203963 -121.757101563 237.087250279
36.5856769845 -121.757128314 237.497371281
36.585637047 -121.757152284 237.867890663
36.5856007639 -121.757173383 238.193383671
36.5855682419 -121.757191564 238.470428614
36.5855394841 -121.757206849 238.697810153
36.5855143774 -121.757219345 238.876525821
36.5854926936 -121.757229247 239.009588413
36.5854741098 -121.757236826 239.101642982
36.5854582448 -121.757242404 239.158455368
36.5854446976 -121.757246324 239.186359688
36.5854330815 -121.757248929 239.191739864
36.5854230566 -121.757250535 239.180595902
36.585414343 -121.757251415 239.158261301
36.5854067277 -121.7572518 239.129226561
36.5854000575 -121.757251867 239.097084534
36.5853942257 -121.757251755 239.064557687
36.585389153 -121.757251564 239.03357416
36.5853847667 -121.757251372 239.005365675
36.5853809819 -121.757251242 238.980569057
36.5853776836 -121.757251235 238.959321425
36.5853747124 -121.757251422 238.941345199
36.5853718532 -121.757251892 238.92602255
36.585368828 -121.757252763 238.912460697
36.5853652916 -121.75725419 238.899550628
36.5853608348 -121.757256366 238.886023838
36.5853549936 -121.757259521 238.870515301
36.5853472692 -121.757263913 238.851612089
36.5853371546 -121.75726981 238.827938194
36.5853241716 -121.757277475 238.79823664
36.585307912 -121.75728713 238.761456257
36.585288078 -121.757298942 238.716834845
36.5852645176 -121.757312991 238.663967852
36.5852372479 -121.757329263 238.60285245
36.5852064638 -121.757347637 238.533900547
36.5851725327 -121.757367892 238.457919701
36.5851359747 -121.757389717 238.376066351
36.5850974345 -121.757412726 238.289779482
36.5850576477 -121.757436479 238.200703715
36.5850174052 -121.757460504 238.110608742
36.5849775174 -121.757484318 238.021307033
36.5849387784 -121.757507444 237.934575868
36.5849019307 -121.75752944 237.85207586
36.5848676286 -121.757549913 237.775268574
36.5848364031 -121.757568541 237.705336492
36.5848086304 -121.757585096 237.643110962
36.5847845085 -121.757599448 237.589016451
36.5847640451 -121.757611575 237.54303898
36.584747059 -121.757621559 237.504723588
36.5847331948 -121.757629571 237.473200895
36.5847219492 -121.757635855 237.447238169
36.5847127046 -121.757640698 237.425307389
36.5847047653 -121.757644414 237.405662603
36.5846973947 -121.757647315 237.386421614
36.5846898486 -121.757649694 237.365641687
36.5846814074 -121.757651815 237.34140691
36.5846714073 -121.757653905 237.311912855
36.5846592671 -121.757656146 237.275547276
36.5846445124 -121.757658676 237.230962734
36.5846267929 -121.75766159 237.177128157
36.5846058893 -121.757664941 237.113345051
36.5845817069 -121.757668741 237.03921589
36.5845542537 -121.757672966 236.954558517
36.5845236042 -121.757677561 236.859270481
36.5844898529 -121.757682441 236.75315901
36.5844530649 -121.757687498 236.635763006
36.5844132314 -121.757692606 236.50620043
36.5843702387 -121.757697627 236.363074788
36.5843238603 -121.757702415 236.204479797
36.5842737685 -121.757706823 236.028092036
36.5842195724 -121.757710712 235.831375421
36.5841608732 -121.757713957 235.611865439
36.5840973309 -121.757716456 235.367494266
36.5840287301 -121.757718136 235.096908646
36.5839550361 -121.757718958 234.79973215
36.5838764345 -121.757718915 234.476734402
36.5837933488 -121.757718032 234.129888618
36.5837064373 -121.757716352 233.76232011
36.5836165729 -121.757713934 233.378165891
36.5835248104 -121.757710836 232.982374443
36.583432345 -121.757707108 232.58047342
36.5833404656 -121.757702782 232.178324856
36.583250502 -121.757697869 231.781870415
36.5831637656 -121.757692358 231.396873165
36.5830814842 -121.757686226 231.028649407
36.5830047331 -121.757679438 230.681797169
36.5829343684 -121.757671961 230.359940827
36.5828709712 -121.757663772 230.06552185
36.5828148128 -121.757654861 229.799669783
36.5827658483 -121.75764524 229.562181223
36.5827237423 -121.757634935 229.351618235
36.5826879225 -121.757623986 229.165516118
36.582657655 -121.757612439 229.000670045
36.5826321281 -121.757600337 228.853457106
36.582610532 -121.757587713 228.720147952
36.5825921244 -121.757574583 228.597173793
36.5825762728 -121.757560946 228.481315147
36.5825624751 -121.757546783 228.369819045
36.5825503578 -121.757532064 228.260451468
36.5825396589 -121.757516757 228.151496009
36.5825302007 -121.757500836 228.041721313
36.5825218612 -121.75748429 227.930334016
36.5825145471 -121.757467132 227.816929105
36.5825081747 -121.757449408 227.701444599
36.5825026577 -121.757431195 227.584123369
36.582497903 -121.757412609 227.465482112
36.5824938121 -121.757393802 227.346285444
36.5824902863 -121.757374957 227.227521387
36.5824872334 -121.757356288 227.110372953
36.5824845717 -121.75733803 226.99617499
36.5824822366 -121.757320433 226.886367093
36.58248018 -121.757303746 226.782414772
36.5824783689 -121.757288203 226.685713439
36.5824767827 -121.757274009 226.597481201
36.5824754095 -121.75726132 226.518650122
36.5824742429 -121.757250226 226.449770841
36.582473279 -121.757240746 226.390944998
36.5824725153 -121.757232818 226.341795647
36.5824719511 -121.757226304 226.301479021
36.5824715891 -121.757220996 226.268733543
36.582471438 -121.75721663 226.24195634
36.5824715149 -121.757212899 226.219295212
36.5824718475 -121.75720947 226.19874543
36.5824724747 -121.757205997 226.178245896
36.5824734454 -121.75720214 226.155769562
36.5824748154 -121.757197576 226.129411358
36.5824766419 -121.757192017 226.097474938
36.5824789776 -121.757185223 226.058555381
36.5824818648 -121.757177017 226.011613211
36.5824853298 -121.757167292 225.95603153
36.5824893805 -121.757156021 225.891647493
36.5824940055 -121.757143253 225.818751883
36.5824991772 -121.75712911 225.738055567
36.5825048569 -121.757113775 225.650627338
36.5825110012 -121.757097477 225.557812184
36.5825175689 -121.757080474 225.461140784
36.5825245272 -121.757063041 225.362239633
36.5825318559 -121.75704545 225.262749851
36.582539549 -121.757027965 225.164257053
36.5825476135 -121.757010825 225.068224114
36.5825560669 -121.756994242 224.975938269
36.5825649337 -121.756978387 224.88846698
36.5825742427 -121.756963394 224.806627689
36.5825840264 -121.756949352 224.730977819
36.5825943237 -121.756936312 224.661831701
36.5826051863 -121.756924294 224.599308599
36.5826166897 -121.756913302 224.543410966
36.5826289465 -121.756903333 224.494125464
36.5826421203 -121.756894401 224.451532861
36.5826564374 -121.756886551 224.415908343
36.5826721924 -121.756879869 224.387792815
36.5826897447 -121.756874484 224.368016129
36.5827095031 -121.756870566 224.357663127
36.5827318995 -121.756868311 224.35798496
36.582757352 -121.756867917 224.370259673
36.582786224 -121.756869561 224.395625396
36.5828187841 -121.756873368 224.434912305
36.5828551744 -121.756879391 224.488501103
36.5828953929 -121.756887594 224.556231038
36.5829392928 -121.756897847 224.637370709
36.5829865998 -121.756909928 224.730652594
36.583036943 -121.756923531 224.834360669
36.5830898943 -121.756938288 224.946452655
36.5831450091 -121.756953788 225.064696003
36.5832018626 -121.756969591 225.186799311
36.5832600763 -121.756985258 225.310527813
36.5833193336 -121.75700036 225.433800091
36.5833793845 -121.757014503 225.554762437
36.58344004 -121.757027345 225.671847349
36.5835011597 -121.757038608 225.78381688
36.5835626364 -121.757048098 225.889789894
36.5836243783 -121.757055706 225.989249851
36.5836862912 -121.757061415 226.082029108
36.5837482621 -121.757065295 226.168267595
36.5838101439 -121.757067482 226.248347682
36.5838717414 -121.757068168 226.322811752
36.5839328014 -121.757067572 226.392272888
36.5839930064 -121.757065923 226.457330846
36.5840519759 -121.757063438 226.518503604
36.5841092758 -121.757060312 226.576185088
36.5841644395 -121.757056707 226.630632468
36.5842169966 -121.757052751 226.681975449
36.5842665102 -121.757048539 226.730248091
36.584312617 -121.757044139 226.775431514
36.5843550631 -121.757039597 226.817497259
36.5843937307 -121.757034941 226.856441918
36.5844286496 -121.757030187 226.892306177
36.5844599909 -121.757025342 226.925175021
36.5844880455 -121.757020406 226.955159978
36.5845131887 -121.75701537 226.982368002
36.5845358401 -121.757010219 227.006864437
36.5845564225 -121.757004929 227.028638781
36.5845753286 -121.75699947 227.047582272
36.5845928965 -121.756993803 227.063482075
36.5846093984 -121.756987887 227.076035819
36.5846250397 -121.756981676 227.084887929
36.584639966 -121.756975132 227.089679881
36.5846542758 -121.756968221 227.090107669
36.5846680341 -121.756960925 227.085976947
36.584681285 -121.756953243 227.077246801
36.5846940605 -121.756945191 227.064055444
36.5847063856 -121.75693681 227.046724907
36.5847182788 -121.756928159 227.025745835
36.5847297501 -121.75691932 227.001746899
36.5847407971 -121.756910389 226.975455122
36.5847514005 -121.756901481 226.947653323
36.5847615233 -121.756892718 226.919139626
36.5847711095 -121.756884229 226.890689783
36.584780089 -121.756876145 226.863025969
36.5847883852 -121.756868587 226.836788522
36.5847959238 -121.756861662 226.812511055
36.5848026443 -121.756855452 226.790599368
36.5848085086 -121.756850011 226.771315731
36.584813509 -121.756845354 226.754770724
36.5848176717 -121.756841463 226.740924523
36.5848210562 -121.756838281 226.729598267
36.5848237515 -121.756835721 226.720494437
36.5848258692 -121.75683367 226.713223631
36.584827535 -121.756832001 226.707334299
36.5848288809 -121.756830573 226.702342136
36.5848300373 -121.756829245 226.697757557
36.5848311269 -121.756827882 226.6931076
36.5848322599 -121.756826357 226.687956088
36.5848335307 -121.756824559 226.681920729
36.5848350155 -121.756822397 226.674687653
36.5848367703 -121.756819802 226.666023617
36.5848388303 -121.756816733 226.655785078
36.5848412093 -121.756813176 226.643922993
36.5848439007 -121.756809144 226.630482363
36.5848468796 -121.756804679 226.615596263
36.5848501046 -121.756799842 226.599474976
36.5848535216 -121.756794717 226.582391592
36.5848570669 -121.7567894 226.564665726
36.5848606707 -121.756783994 226.546646731
36.5848642607 -121.756778609 226.528695839
36.5848677651 -121.756773351 226.511170351
36.584871116 -121.756768322 226.49440721
36.5848742524 -121.756763611 226.478704604
36.584877124 -121.756759291 226.46430339
36.5848796937 -121.75675541 226.451368231
36.5848819404 -121.756751991 226.439969469
36.5848838604 -121.75674902 226.430066885
36.5848854678 -121.756746449 226.421496227
36.5848867937 -121.756744188 226.413958996
36.5848878846 -121.756742105 226.407015841
36.5848887997 -121.756740025 226.400084231
36.5848896079 -121.756737733 226.392442031
36.5848903844 -121.756734972 226.383239711
36.5848912072 -121.756731456 226.371524209
36.5848921536 -121.756726876 226.35627754
36.5848932962 -121.756720918 226.336472292
36.5848946985 -121.756713281 226.311139272
36.58489641 -121.756703694 226.279441753
36.5848984606 -121.756691932 226.240745765
36.5849008555 -121.756677819 226.194674439
36.5849035696 -121.756661226 226.14113564
36.5849065417 -121.756642046 226.080316228
36.5849096702 -121.756620164 226.012642416
36.584912808 -121.756595406 225.938712312
36.5849157596 -121.756567491 225.859212098
36.5849182803 -121.756535991 225.774830118
36.5849200782 -121.756500299 225.686182738
36.5849208232 -121.756459635 225.593765644
36.5849201602 -121.756413078 225.497930531
36.5849177306 -121.756359628 225.398891661
36.5849131985 -121.756298308 225.296759457
36.5849062802 -121.756228273 225.191591105
36.5848967727 -121.756148925 225.083450118
36.5848845771 -121.756060011 224.972466634
36.5848697129 -121.755961687 224.858892264
36.5848523218 -121.755854551 224.743145787
36.5848326601 -121.755739629 224.625848237
36.5848110817 -121.755618329 224.507846951
36.5847880155 -121.755492379 224.390227705
36.5847639398 -121.755363735 224.274312334
36.5847393563 -121.755234502 224.161637675
36.5847147666 -121.755106835 224.053909382
36.5846906503 -121.754982848 223.95292588
36.584667445 -121.754864521 223.860476089
36.5846455282 -121.754753596 223.778213639
36.5846252014 -121.754651486 223.707522773
36.5846066771 -121.754559195 223.649395243
36.5845900712 -121.754477268 223.604339058
36.5845754016 -121.754405769 223.572336484
36.584562595 -121.754344316 223.552860496
36.5845515002 -121.754292147 223.54494793
36.5845419074 -121.754248224 223.547316845
36.5845335701 -121.754211352 223.558507851
36.5845262273 -121.754180296 223.577026306
36.5845196226 -121.75415388 223.60146486
36.5845135192 -121.754131067 223.63059003
36.5845077093 -121.754110991 223.663390655
36.5845020197 -121.754092975 223.699086654
36.5844963136 -121.754076517 223.737106665
36.5844904897 -121.754061262 223.777045638
36.5844844798 -121.754046967 223.818613327
36.5844782464 -121.754033473 223.861582892
36.5844717791 -121.754020668 223.905745862
36.5844650919 -121.754008475 223.950876614
36.5844582202 -121.753996839 223.996707027
36.5844512181 -121.75398572 224.042910555
36.5844441554 -121.753975095 224.089094573
36.5844371146 -121.753964958 224.13480035
36.5844301878 -121.753955323 224.179509623
36.5844234727 -121.753946225 224.222665414
36.5844170681 -121.753937715 224.263695158
36.5844110676 -121.753929855 224.30204531
36.5844055534 -121.753922706 224.337223127
36.5844005887 -121.753916318 224.368840913
36.5843962116 -121.753910725 224.396657392
36.5843924291 -121.753905928 224.420610727
36.5843892135 -121.753901898 224.440838949
36.5843865003 -121.753898569 224.457685869
36.5843841885 -121.753895842 224.471693069
36.5843821416 -121.753893586 224.483580547
36.5843801918 -121.75389165 224.494219176
36.5843781435 -121.753889861 224.504597414
36.58437578 -121.753888041 224.51578317
36.5843728698 -121.753886007 224.528881392
36.584369179 -121.753883582 224.544982799
36.5843644821 -121.753880606 224.565108378
36.5843585744 -121.753876938 224.590150305
36.5843512827 -121.753872473 224.620815875
36.5843424715 -121.753867141 224.65758295
36.5843320421 -121.753860917 224.700675851
36.5843199219 -121.753853817 224.750068376
36.5843060447 -121.753845901 224.805516204
36.5842903215 -121.753837263 224.86661523
36.5842726082 -121.753828024 224.932877068
36.5842526732 -121.753818323 225.003809334
36.584230175 -121.753808308 225.078987353
36.584204654 -121.753798127 225.158105389
36.5841755468 -121.753787921 225.240997446
36.5841422197 -121.753777819 225.32763352
36.5841040255 -121.753767934 225.418083841
36.5840603748 -121.753758358 225.512463825
36.5840108125 -121.753749162 225.610868515
36.5839550869 -121.753740393 225.713306771
36.5838932045 -121.753732075 225.819643954
36.5838254595 -121.753724213 225.929558906
36.5837524386 -121.753716795 226.042517568
36.5836750019 -121.753709798 226.157762692
36.5835942448 -121.753703196 226.274317651
36.583511449 -121.753696966 226.391002669
36.5834280264 -121.753691092 226.506463375
36.5833454594 -121.753685571 226.619213314
36.5832652367 -121.753680411 226.727696447
36.5831887865 -121.753675632 226.83036272
36.5831174037 -121.753671259 226.925763596
36.5830521775 -121.753667321 227.012656413
36.5829939236 -121.753663841 227.090106304
36.5829431315 -121.753660834 227.157571199
36.5828999352 -121.7536583 227.214956201
36.5828641127 -121.753656227 227.26262811
36.5828351177 -121.753654591 227.301387977
36.5828121364 -121.753653359 227.332407168
36.5827941621 -121.753652493 227.357138258
36.5827800768 -121.753651959 227.377214538
36.5827687287 -121.753651726 227.394350546
36.5827589969 -121.753651776 227.410254556
36.5827498417 -121.753652098 227.426553673
36.5827403422 -121.753652696 227.444729732
36.5827297188 -121.75365358 227.46607211
36.5827173438 -121.753654767 227.491642124
36.5827027434 -121.75365628 227.522252577
36.5826855885 -121.753658147 227.558467218
36.5826656735 -121.753660405 227.600625486
36.5826428834 -121.753663107 227.648895952
36.5826171487 -121.75366633 227.703357346
36.5825883918 -121.753670189 227.76409992
36.582556472 -121.753674848 227.8313337
36.582521137 -121.75368053 227.905485565
36.58248199 -121.753687525 227.987265969
36.5824384836 -121.753696177 228.077684665
36.5823899427 -121.753706879 228.178009129
36.5823356153 -121.75372004 228.289665996
36.5822747516 -121.753736053 228.414088567
36.5822066979 -121.753755253 228.552535517
36.5821309923 -121.753777876 228.705907305
36.582047447 -121.753804024 228.874588903
36.5819562069 -121.753833644 229.058342681
36.5818577751 -121.753866513 229.25626524
36.5817530073 -121.753902248 229.466809611
36.5816430771 -121.753940316 229.687862841
36.5815294223 -121.753980067 229.916861887
36.581413678 -121.754020757 230.150929358
36.5812976054 -121.754061587 230.387014164
36.581183016 -121.754101732 230.622028093
36.5810716929 -121.754140382 230.852980946
36.5809653086 -121.754176776 231.07710784
36.5808653411 -121.754210242 231.291992113
36.5807729923 -121.754240235 231.495677248
36.5806891198 -121.75426637 231.686755991
36.5806141912 -121.75428844 231.864421772
36.5805482718 -121.754306429 232.028468857
36.5804910506 -121.754320499 232.179234093
36.5804419024 -121.754330963 232.317483311
36.5803999787 -121.754338251 232.44425646
36.5803643121 -121.754342861 232.560694322
36.5803339189 -121.754345315 232.667873657
36.580307887 -121.754346119 232.766674832
36.580285435 -121.754345735 232.857704976
36.580265942 -121.75434456 232.941279624
36.5802489503 -121.754342917 233.017459961
36.5802341432 -121.754341058 233.086137279
36.5802213096 -121.754339167 233.147142818
36.5802103031 -121.754337368 233.200360928
36.5802010042 -121.754335738 233.245825049
36.5801932901 -121.754334307 233.283781377
36.5801870166 -121.754333077 233.31471286
36.5801820095 -121.754332017 233.339324465
36.5801780664 -121.754331075 233.358497709
36.5801749643 -121.754330181 233.373226655
36.5801724696 -121.754329248 233.384548503
36.5801703491 -121.75432818 233.393481033
36.5801683816 -121.754326872 233.400967726
36.5801663657 -121.754325219 233.407843201
36.5801641256 -121.754323117 233.414811665
36.5801615159 -121.754320475 233.422435445
36.580158425 -121.754317219 233.431131303
36.580154777 -121.754313297 233.441171765
36.5801505319 -121.754308681 233.452689838
36.5801456831 -121.754303372 233.465686395
36.5801402535 -121.75429739 233.480039885
36.5801342891 -121.754290775 233.49551804
36.5801278518 -121.754283571 233.511791159
36.5801210114 -121.754275825 233.528446665
36.5801138383 -121.754267573 233.545005157
36.5801063975 -121.754258837 233.560939511
36.5800987453 -121.75424962 233.575694561
36.5800909268 -121.75423991 233.588714553
36.5800829764 -121.754229681 233.599473992
36.5800749188 -121.754218902 233.607510824
36.5800667716 -121.754207542 233.612458794
36.5800585475 -121.754195578 233.614074107
36.5800502572 -121.754182996 233.612251402
36.5800419113 -121.754169796 233.607025284
36.580033522 -121.754155984 233.598556139
36.5800251043 -121.754141569 233.587101941
36.5800166766 -121.754126555 233.572980533
36.5800082613 -121.754110928 233.556528622
36.5799998846 -121.754094654 233.538064092
36.579991576 -121.75407767 233.51786255
36.5799833679 -121.754059886 233.496153584
36.5799752938 -121.75404119 233.473109173
36.5799673869 -121.754021455 233.448875176
36.5799596793 -121.754000549 233.423615239
36.5799522007 -121.753978339 233.39757594
36.5799449799 -121.753954694 233.371175633
36.5799380465 -121.753929471 233.345120058
36.5799314365 -121.753902497 233.320546598
36.5799251988 -121.753873529 233.299194894
36.5799194042 -121.753842213 233.28359343
36.5799141552 -121.753808034 233.277240112
36.5799095936 -121.753770274 233.284741939
36.5799059058 -121.753727986 233.311868551
36.5799033215 -121.753680001 233.365464494
36.5799021052 -121.753624969 233.453189448
36.5799025409 -121.75356144 233.583085641
36.5799049085 -121.753487989 233.762958013
36.579909456 -121.753403354 233.999651364
36.5799163713 -121.753306591 234.298310851
36.579925757 -121.753197207 234.661733082
36.5799376128 -121.753075258 235.089905631
36.5799518274 -121.752941398 235.579799871
36.5799681819 -121.752796883 236.125434416
36.5799863613 -121.752643513 236.7181784
36.5800059741 -121.752483558 237.347229784
36.5800265741 -121.752319648 238.000192841
36.5800476842 -121.752154657 238.66369111
36.580068819 -121.75199158 239.323983198
36.5800895063 -121.751833402 239.967562521
36.5801093072 -121.751682963 240.581750412
36.5801278347 -121.751542815 241.15529017
36.5801447725 -121.751415074 241.678916592
36.5801598894 -121.751301295 242.145858235
36.5801730503 -121.751202374 242.552209149
36.5801842211 -121.751118491 242.897106944
36.5801934656 -121.75104913 243.182676015
36.5802009347 -121.750993139 243.413733146
36.5802068499 -121.750948853 243.59729507
36.5802114826 -121.750914247 243.741960205
36.5802151321 -121.750887094 243.857249799
36.5802181052 -121.750865118 243.952982305
36.5802206991 -121.750846123 244.038728621
36.580223188 -121.75082809 244.12339933
36.5802258136 -121.750809245 244.214901337
36.5802287777 -121.750788113 244.319887562
36.5802322389 -121.750763542 244.443571289
36.5802363092 -121.750734722 244.589594905
36.5802410546 -121.750701186 244.759955473
36.5802464959 -121.750662804 244.954995464
36.5802526132 -121.750619751 245.173464953
36.5802593512 -121.750572481 245.412653292
36.580266627 -121.750521668 245.66857836
36.5802743382 -121.750468161 245.936215396
36.5802823713 -121.750412926 246.209748289
36.5802906093 -121.750356993 246.482836961
36.5802989385 -121.750301403 246.748889039
36.5803072532 -121.75024717 247.001345989
36.5803154601 -121.750195227 247.234008983
36.5803234826 -121.750146389 247.441367958
36.5803312634 -121.750101307 247.618924247
36.5803387679 -121.750060442 247.763468656
36.5803459876 -121.750024039 247.873270194
36.5803529431 -121.749992122 247.948136306
36.5803596867 -121.749964503 247.989323851
36.5803663059 -121.749940817 247.999306702
36.5803729254 -121.749920556 247.981433188
36.5803797088 -121.749903124 247.939526802
36.5803868582 -121.749887884 247.877491394
36.5803946106 -121.749874203 247.798974133
36.5804032301 -121.749861485 247.707135655
36.5804129961 -121.749849201 247.604526058
36.5804241851 -121.749836898 247.493070444
36.5804370494 -121.749824213 247.374144832
36.5804517933 -121.749810871 247.248707794
36.5804685513 -121.749796689 247.117456088
36.5804873705 -121.74978157 246.980977179
36.5805081993 -121.749765497 246.839880002
36.5805308848 -121.749748528 246.69489454
36.5805551782 -121.749730789 246.546938501
36.5805807463 -121.74971246 246.397154062
36.5806071873 -121.749693768 246.246918936
36.5806340493 -121.749674976 246.097834461
36.5806608503 -121.749656371 245.951693981
36.5806870996 -121.74963825 245.810428911
36.5807123188 -121.749620911 245.67601295
36.5807360662 -121.749604631 245.550366547
36.5807579615 -121.749589654 245.435240599
36.5807777107 -121.74957617 245.332106637
36.5807951285 -121.749564303 245.242076327
36.5808101554 -121.749554098 245.165874041
36.580822867 -121.749545518 245.10388085
36.5808334759 -121.74953844 245.056256756
36.5808423248 -121.749532671 245.023132139
36.5808498741 -121.749527949 245.004842481
36.5808566836 -121.749523969 245.002166147
36.5808633918 -121.749520391 245.016516986
36.5808706909 -121.749516858 245.050047802
36.5808793012 -121.749513014 245.105638275
36.5808899359 -121.749508518 245.186708256
36.5809032655 -121.749503061 245.296934338
36.5809198797 -121.749496377 245.439873651
36.5809402506 -121.749488266 245.618572302
36.5809647058 -121.749478598 245.835239456
36.5809934149 -121.749467324 246.091064167
36.5810263965 -121.749454478 246.386230063
36.5810635449 -121.749440174 246.72014609
36.5811046759 -121.749424592 247.091866802
36.5811495836 -121.749407967 247.500632766
36.5811980996 -121.74939057 247.946429853
36.5812501433 -121.749372696 248.430452942
36.5813057543 -121.749354644 248.95536185
36.5813650985 -121.749336706 249.525261528
36.5814284501 -121.749319153 250.14539133
36.5814961476 -121.749302227 250.821518183
36.5815685326 -121.749286128 251.55914214
36.5816458819 -121.749271011 252.362630158
36.5817283439 -121.749256976 253.234416882
36.5818158898 -121.749244071 254.174397842
36.5819082852 -121.749232295 255.179600391
36.5820050856 -121.749221602 256.244161359
36.5821056532 -121.749211918 257.359583281
36.5822091901 -121.749203154 258.515198784
36.5823147802 -121.749195219 259.698755707
36.5824214355 -121.749188037 260.897044795
36.5825281408 -121.74918155 262.096507542
36.5826338999 -121.749175727 263.283837054
36.5827377762 -121.749170561 264.44653541
36.5828389342 -121.74916606 265.573441599
36.5829366778 -121.749162243 266.655221277
36.5830304834 -121.749159122 267.684774042
36.5831200237 -121.749156698 268.657497695
36.5832051764 -121.749154945 269.571345463
36.5832860157 -121.749153811 270.426631864
36.5833627865 -121.749153206 271.225582957
36.5834358622 -121.74915301 271.971676945
36.5835056943 -121.749153067 272.66886721
36.5835727601 -121.749153196 273.320809252
36.5836375158 -121.749153189 273.930216203
36.5837003606 -121.749152825 274.498445563
36.5837616183 -121.749151875 275.025407687
36.5838215301 -121.749150117 275.50974128
36.5838802613 -121.749147344 275.949266435
36.5839379158 -121.749143386 276.34160189
36.5839945534 -121.749138117 276.684828809
36.5840502056 -121.749131473 276.978079739
36.5841048865 -121.749123454 277.221952266
36.5841585959 -121.749114131 277.418686845
36.5842113147 -121.74910364 277.572097782
36.584262995 -121.749092177 277.687293669
36.5843135459 -121.749079984 277.770257891
36.5843628207 -121.749067341 277.827374376
36.5844106089 -121.749054546 277.864979958
36.584456637 -121.749041908 277.888996317
36.584500579 -121.749029731 277.904660113
36.5845420806 -121.749018299 277.91638913
36.584580792 -121.749007865 277.92772819
36.5846164053 -121.748998633 277.941363538
36.5846486912 -121.748990754 277.959179572
36.5846775281 -121.74898431 277.982338563
36.5847029189 -121.748979316 278.011371689
36.5847249911 -121.748975721 278.046275509
36.5847439817 -121.748973415 278.086610769
36.5847602087 -121.748972246 278.131600782
36.5847740352 -121.748972032 278.180226034
36.5847858324 -121.748972577 278.231311607
36.5847959474 -121.748973688 278.283607746
36.5848046794 -121.748975186 278.335855542
36.5848122677 -121.74897691 278.38683953
36.5848188898 -121.748978728 278.435448711
36.5848246695 -121.748980533 278.480723488
36.5848296895 -121.748982246 278.521897567
36.584834007 -121.748983813 278.558431716
36.5848376688 -121.748985205 278.590034872
36.5848407234 -121.748986415 278.616668272
36.5848432285 -121.748987459 278.638530295
36.5848452559 -121.748988371 278.656022856
36.5848468911 -121.748989202 278.669703574
36.5848482317 -121.748990021 278.680230364
36.5848493833 -121.748990911 278.688305831
36.584850456 -121.748991968 278.694627367
36.5848515589 -121.748993297 278.699843976
36.5848527957 -121.748995004 278.704532568
36.5848542612 -121.748997197 278.709176159
36.5848560363 -121.748999972 278.714150477
36.5848581851 -121.74900341 278.719713444
36.5848607509 -121.74900757 278.725993719
36.5848637547 -121.749012485 278.732975497
36.5848671941 -121.749018164 278.740477699
36.5848710448 -121.74902459 278.748127019
36.5848752632 -121.749031734 278.755326082
36.5848797897 -121.749039561 278.761220491
36.5848845538 -121.749048038 278.764671584
36.5848894782 -121.749057147 278.764244633
36.5848944837 -121.749066892 278.758224392
36.5848994923 -121.749077298 278.744668112
36.5849044314 -121.74908841 278.721500331
36.5849092359 -121.749100288 278.6866525
36.5849138512 -121.749112993 278.638232029
36.5849182356 -121.749126579 278.574701198
36.5849223616 -121.749141077 278.495039037
36.5849262172 -121.749156487 278.398859165
36.5849298062 -121.749172773 278.286462997
36.5849331472 -121.749189855 278.158819461
36.5849362721 -121.749207616 278.017476326
36.5849392242 -121.749225904 277.864420431
36.5849420549 -121.749244537 277.701911481
36.5849448214 -121.749263312 277.532314821
36.5849475841 -121.749282014 277.357952674
36.5849504039 -121.749300422 277.180982914
36.5849533398 -121.749318325 277.003320318
36.5849564461 -121.749335524 276.826578213
36.5849597712 -121.749351851 276.65203367
36.5849633553 -121.749367171 276.480605911
36.5849672311 -121.7493814 276.31284226
36.5849714243 -121.749394501 276.148908466
36.5849759572 -121.749406489 275.988582175
36.584980854 -121.74941743 275.831249336
36.5849861481 -121.749427423 275.675904102
36.5849918891 -121.749436599 275.521154034
36.5849981511 -121.749445103 275.365234774
36.5850050369 -121.74945308 275.206041248
36.5850126799 -121.749460671 275.041183873
36.585021241 -121.749467999 274.868068677
36.5850308981 -121.74947517 274.684036515
36.5850418335 -121.74948227 274.486519099
36.585054217 -121.749489361 274.273215206
36.5850681893 -121.749496491 274.042256911
36.5850838492 -121.749503685 273.792332665
36.585101247 -121.749510954 273.522735139
36.5851203869 -121.749518296 273.233311606
36.5851412383 -121.749525691 272.92431182
36.5851637557 -121.749533108 272.596149595
36.5851879024 -121.749540501 272.249114706
36.5852136751 -121.74954781 271.883086563
36.5852411231 -121.749554965 271.497306604
36.5852703589 -121.749561883 271.090264273
36.5853015557 -121.749568476 270.659729379
36.5853349331 -121.749574653 270.202930437
36.5853707301 -121.749580327 269.716881841
36.5854091708 -121.749585424 269.19880075
36.5854504271 -121.749589888 268.646552628
36.5854945851 -121.749593691 268.059054953
36.5855416203 -121.749596835 267.436577262
36.5855913843 -121.749599358 266.780897338
36.5856436039 -121.74960133 266.095302279
36.5856978922 -121.749602855 265.384451299
36.5857537684 -121.749604065 264.654136638
36.5858106814 -121.749605112 263.910985291
36.5858680363 -121.749606168 263.162138052
36.5859252211 -121.749607414 262.414931107
36.5859816332 -121.749609032 261.676573295
36.5860367052 -121.749611199 260.953837241
36.5860899313 -121.749614073 260.252754343
36.5861408915 -121.74961779 259.578326764
36.5861892724 -121.749622448 258.934284161
36.5862348817 -121.749628105 258.322921838
36.5862776515 -121.749634772 257.74505676
36.5863176311 -121.749642417 257.200124629
36.5863549663 -121.749650968 256.686417821
36.5863898707 -121.74966032 256.201436562
36.58642259 -121.749670347 255.742302317
36.586453368 -121.749680914 255.306169378
36.5864824163 -121.749691885 254.89057277
36.5865098953 -121.749703132 254.493664112
36.5865359063 -121.749714541 254.114294608
36.5865604951 -121.749726015 253.751974768
36.5865836653 -121.749737474 253.406713726
36.5866053977 -121.749748857 253.078788203
36.5866256717 -121.749760118 252.768494551
36.5866444833 -121.749771225 252.475935117
36.5866618576 -121.749782154 252.200879258
36.5866778535 -121.749792891 251.942721451
36.5866925601 -121.749803419 251.700537847
36.5867060872 -121.74981372 251.473222575
36.5867185505 -121.749823767 251.259669985
36.5867300581 -121.749833521 251.058961482
36.5867406974 -121.749842927 250.870514703
36.5867505277 -121.74985192 250.694165358
36.5867595779 -121.74986042 250.530172771
36.5867678505 -121.749868345 250.379126361
36.5867753307 -121.749875615 250.241788199
36.5867819977 -121.749882164 250.118893901
36.5867878373 -121.749887947 250.010946153
36.5867928529 -121.749892954 249.918034817
36.5867970729 -121.749897208 249.839710032
36.5868005557 -121.749900776 249.774922506
36.5868033889 -121.749903765 249.722031466
36.5868056867 -121.74990632 249.678869277
36.5868075843 -121.749908624 249.642845197
36.5868092312 -121.749910885 249.611070234
36.5868107843 -121.749913336 249.580488373
36.5868124006 -121.749916219 249.548012536
36.586814231 -121.74991978 249.510657462
36.5868164132 -121.749924254 249.465671009
36.586819066 -121.749929849 249.4106663
36.5868222826 -121.749936734 249.343745106
36.5868261263 -121.749945024 249.2635999
36.5868306267 -121.749954773 249.169579221
36.5868357786 -121.749965969 249.061703031
36.5868415435 -121.749978535 248.940621751
36.5868478527 -121.749992341 248.807522427
36.586854613 -121.750007211 248.663995253
36.5868617133 -121.750022945 248.511880113
36.5868690311 -121.750039328 248.353114384
36.5868764391 -121.750056147 248.189598389
36.5868838109 -121.7500732 248.023098862
36.5868910269 -121.750090306 247.855175503
36.5868979786 -121.750107309 247.687144178
36.586904574 -121.75012408 247.520065636
36.5869107406 -121.750140523 247.354753674
36.586916429 -121.750156565 247.191798522
36.5869216138 -121.750172163 247.031603516
36.5869262934 -121.750187293 246.874434565
36.5869304868 -121.750201948 246.720481705
36.5869342294 -121.750216127 246.569930082
36.5869375672 -121.750229829 246.423034549
36.5869405498 -121.750243042 246.280188741
36.5869432251 -121.750255736 246.141977177
36.5869456342 -121.750267863 246.009199106
36.5869478089 -121.750279354 245.882843212
36.5869497711 -121.750290124 245.7640382
36.5869515332 -121.750300081 245.653948913
36.5869531008 -121.750309139 245.553643629
36.5869544753 -121.750317232 245.463946091
36.5869556568 -121.750324327 245.385291367
36.5869566458 -121.750330437 245.317603596
36.5869574446 -121.750335629 245.260208618
36.5869580564 -121.750340028 245.21178724
36.5869584843 -121.750343822 245.170367936
36.5869587283 -121.750347259 245.133353792
36.5869587836 -121.750350641 245.097578821
36.5869586378 -121.750354321 245.05939287
36.5869582706 -121.750358687 245.01478144
36.5869576531 -121.75036415 244.959529946
36.5869567507 -121.750371126 244.88942408
36.5869555257 -121.750380007 244.800504785
36.5869539422 -121.750391138 244.689349451
36.5869519694 -121.75040479 244.553353489
36.5869495861 -121.750421141 244.390975408
36.5869467816 -121.750440262 244.20190907
36.5869435562 -121.750462122 243.987157193
36.5869399182 -121.750486597 243.748997614
36.5869358795 -121.750513499 243.490852845
36.5869314501 -121.750542605 243.217087966
36.586926632 -121.750573695 242.932767453
36.5869214149 -121.750606576 242.643397559
36.5869157735 -121.750641108 242.354668784
36.5869096682 -121.75067721 242.072210664
36.5869030483 -121.750714857 241.801342796
36.5868958587 -121.750754065 241.546832575
36.5868880478 -121.75079487 241.312662461
36.5868795773 -121.750837296 241.101825243
36.5868704296 -121.750881336 240.916174344
36.5868606152 -121.750926919 240.756357333
36.5868501763 -121.750973901 240.621852202
36.586839188 -121.751022051 240.511109432
36.5868277571 -121.751071046 240.421783181
36.5868160187 -121.751120471 240.351018066
36.5868041311 -121.75116983 240.295748985
36.5867922705 -121.751218555 240.252972818
36.5867806231 -121.751266023 240.219955366
36.5867693779 -121.751311585 240.194355447
36.586758717 -121.7513546 240.174285681
36.5867488058 -121.751394475 240.158288887
36.5867397812 -121.751430711 240.14526452
36.5867317419 -121.751462949 240.134360801
36.5867247393 -121.751491006 240.124847962
36.5867187719 -121.751514906 240.115983161
36.5867137831 -121.751534884 240.106873333
36.5867096632 -121.75155139 240.096340363
36.5867062546 -121.75156506 240.082794537
36.5867033596 -121.751576694 240.0641269
36.5867007493 -121.751587215 240.037637275
36.5866981742 -121.751597633 240.000018624
36.5866953747 -121.751608998 239.947426582
36.5866920926 -121.751622358 239.875643873
36.5866880834 -121.751638706 239.780334169
36.5866831293 -121.751658928 239.657386134
36.5866770532 -121.751683751 239.503299904
36.5866697301 -121.751713691 239.315564802
36.5866610977 -121.751749018 239.09297075
36.5866511614 -121.751789738 238.835804301
36.586639996 -121.751835587 238.545900696
36.5866277414 -121.751886062 238.226550229
36.5866145952 -121.751940452 237.882282918
36.5866008016 -121.751997888 237.518572439
36.5865866391 -121.752057405 237.141504557
36.5865724081 -121.752117986 236.757447382
36.5865584171 -121.752178617 236.372748619
36.5865449695 -121.752238327 235.993459814
36.5865323496 -121.752296231 235.625092052
36.5865208078 -121.752351565 235.272398751
36.5865105473 -121.752403716 234.939189317
36.5865017115 -121.752452245 234.628188779
36.5864943766 -121.752496902 234.340965099
36.5864885486 -121.752537622 234.077945064
36.5864841667 -121.752574506 233.838529826
36.5864811126 -121.752607791 233.621304377
36.5864792251 -121.752637802 233.424316735
36.5864783159 -121.752664903 233.245387787
36.5864781871 -121.752689452 233.082406095
36.586478645 -121.752711757 232.933567697
36.5864795123 -121.752732058 232.797519395
36.5864806345 -121.752750513 232.673404794
36.5864818838 -121.752767209 232.560817817
36.5864831603 -121.752782179 232.459675238
36.5864843905 -121.752795428 232.370045375
36.5864855252 -121.75280696 232.291968247
36.586486537 -121.752816806 232.225299568
36.5864874178 -121.752825038 232.169602255
36.5864881769 -121.752831777 232.124097054
36.5864888384 -121.752837198 232.087671246
36.5864894403 -121.752841516 232.058934142
36.5864900324 -121.75284498 232.036302059
36.5864906748 -121.752847856 232.018094544
36.5864914358 -121.752850417 232.002624645
36.5864923895 -121.752852926 231.988284499
36.586493612 -121.752855629 231.973607007
36.5864951772 -121.752858742 231.957313388
36.5864971516 -121.752862449 231.93835059
36.5864995894 -121.752866891 231.915918391
36.5865025284 -121.752872162 231.889486587
36.5865059877 -121.75287831 231.858801039
36.586509967 -121.752885335 231.823876895
36.5865144491 -121.752893195 231.784978325
36.5865194043 -121.752901812 231.742586085
36.5865247966 -121.752911083 231.697356172
36.58653059 -121.75292089 231.650073898
36.5865367549 -121.75293111 231.601607384
36.5865432726 -121.752941624 231.552862784
36.586550138 -121.752952321 231.504750952
36.5865573586 -121.752963107 231.458142369
36.5865649527 -121.752973905 231.413836081
36.5865729465 -121.752984654 231.372531794
36.5865813704 -121.752995315 231.33481104
36.5865902584 -121.753005873 231.301133376
36.5865996497 -121.753016332 231.271854178
36.5866095943 -121.753026727 231.247269031
36.5866201633 -121.753037121 231.227685733
36.5866314625 -121.753047614 231.21351894
36.5866436477 -121.753058346 231.205395688
36.5866569384 -121.753069499 231.20425377
36.5866716268 -121.753081303 231.211411136
36.5866880775 -121.753094027 231.228583379
36.5867067154 -121.753107972 231.257829733
36.5867280015 -121.753123451 231.30143407
36.5867523955 -121.753140773 231.361708797
36.5867803099 -121.753160209 231.440753397
36.5868120619 -121.753181964 231.540198157
36.5868478292 -121.753206157 231.660971376
36.5868876163 -121.753232794 231.803125482
36.5869312367 -121.753261761 231.965746569
36.5869783107 -121.753292825 232.146955645
36.5870282792 -121.753325637 232.343993164
36.587080429 -121.753359754 232.553366097
36.5871339256 -121.753394653 232.771032075
36.5871878499 -121.753429757 232.992598456
36.5872412383 -121.753464459 233.21351933
36.5872931243 -121.753498148 233.429292187
36.5873425824 -121.753530235 233.635653712
36.5873887759 -121.753560188 233.828767137
36.587431006 -121.753587561 234.005400651
36.5874687578 -121.753612027 234.163077826
36.5875017387 -121.753633398 234.300175858
36.5875299036 -121.753651649 234.415946701
36.5875534621 -121.753666919 234.510444107
36.5875728691 -121.753679505 234.584354911
36.5875887983 -121.753689847 234.638752048
36.5876021049 -121.753698504 234.674804503
36.5876137812 -121.753706124 234.693490938
36.5876249089 -121.753713417 234.695365669
36.58763661 -121.753721118 234.680421097
36.5876499988 -121.753729959 234.648074534
36.58766613 -121.753740633 234.597266066
36.5876859449 -121.75375376 234.526672919
36.5877102188 -121.75376985 234.434991571
36.5877395115 -121.753789274 234.321241211
36.5877741287 -121.753812231 234.185038678
36.5878140985 -121.75383874 234.026803338
36.587859168 -121.753868632 233.847866495
36.5879088189 -121.753901564 233.650479754
36.587962301 -121.753937036 233.437734755
36.5880186769 -121.753974429 233.21341829
36.5880768736 -121.754013028 232.981829659
36.5881357356 -121.75405207 232.747582729
36.5881940782 -121.754090766 232.51540253
36.5882507378 -121.754128347 232.289917549
36.5883046256 -121.754164089 232.075458538
36.5883547793 -121.754197356 231.875851326
36.5884004118 -121.754227625 231.694218695
36.5884409545 -121.754254522 231.532809012
36.5884760857 -121.754277834 231.392875328
36.5885057419 -121.754297523 231.274627318
36.5885301059 -121.754313718 231.177269365
36.5885495734 -121.754326688 231.099123552
36.5885647026 -121.754336817 231.037820872
36.5885761536 -121.75434456 230.990532326
36.5885846271 -121.754350405 230.954207243
36.5885908089 -121.754354834 230.925790912
36.5885953287 -121.754358298 230.902398517
36.5885987329 -121.754361196 230.881437248
36.5886014715 -121.754363863 230.860688239
36.5886038961 -121.75436657 230.838345848
36.5886062666 -121.754369522 230.813028905
36.5886087622 -121.754372862 230.783772163
36.5886114933 -121.754376683 230.750002792
36.5886145137 -121.754381034 230.711503947
36.5886178313 -121.754385929 230.668366365
36.5886214172 -121.754391356 230.620929695
36.5886252134 -121.754397294 230.569717069
36.5886291396 -121.754403718 230.515368103
36.5886330989 -121.754410609 230.458576101
36.5886369828 -121.754417962 230.400032773
36.5886406729 -121.754425788 230.340394476
36.5886440477 -121.754434118 230.280251311
36.5886469871 -121.754442995 230.220111785
36.5886493734 -121.754452475 230.16040119
36.5886510911 -121.754462625 230.101469761
36.5886520208 -121.754473523 230.043610792
36.588652026 -121.754485267 229.987089488
36.5886509302 -121.754497989 229.932183568
36.5886484848 -121.754511882 229.87923571
36.5886443276 -121.754527233 229.828715599
36.588637938 -121.754544454 229.781285834
36.5886285955 -121.754564122 229.737861999
36.5886153516 -121.754587 229.699653884
36.5885970263 -121.754614039 229.668174014
36.5885722418 -121.75464635 229.645197382
36.5885394898 -121.754685153 229.632686036
36.5884972417 -121.754731686 229.632637859
36.588444087 -121.754787089 229.646922385
36.5883788816 -121.754852286 229.677103388
36.5883008863 -121.754927868 229.724286389
36.5882098748 -121.755014005 229.789008732
36.5881061903 -121.755110397 229.871226425
36.5879907477 -121.755216267 229.970397316
36.5878649842 -121.755330396 230.085627666
36.5877307708 -121.755451195 230.215877449
36.5875903013 -121.755576787 230.360172159
36.5874459766 -121.755705102 230.517778556
36.5873003009 -121.755833962 230.688250619
36.5871557854 -121.755961168 230.87135242
36.5870148729 -121.756084571 231.066804023
36.5868798749 -121.756202142 231.273873194
36.5867529184 -121.756312033 231.490866892
36.5866359027 -121.756412633 231.714618608
36.5865304677 -121.756502608 231.940097546
36.5864379769 -121.756580922 232.160271592
