451.288193282 478.020930757 15.0366841772 3.63811325394 29.1807590741
453.51440579 476.588079098 15.0869809576 3.66393147324 30.2797622355
455.858479691 475.155655321 15.0850331561 3.69482466093 31.4000969028
458.338700454 473.742876424 14.9859555151 3.70972262493 32.5222006807
460.975671442 472.350337931 14.7739888098 3.68401888187 33.6286276886
463.767897121 470.996847807 14.4676022224 3.61246873782 34.6979288386
466.683280492 469.730558354 14.0939508295 3.51395416413 35.7012827589
469.679148792 468.600398701 13.6567446308 3.41481510214 36.6034706543
472.733747589 467.611715705 13.1451123989 3.33321153656 37.3687537136
475.856135487 466.704421968 12.5812053544 3.27831987358 37.9699937253
479.066054122 465.773817323 12.0440634525 3.25438071471 38.3970636772
482.367572187 464.718187897 11.6330179984 3.26018922814 38.6602358313
485.743183576 463.47918712 11.4144001342 3.28981739582 38.7866877636
489.166974507 462.053022939 11.409924286 3.33710154758 38.812025934
492.609503958 460.474607904 11.6156143606 3.3953260918 38.7710734903
496.023806782 458.798671756 11.996228568 3.4499039331 38.6916551403
499.344150631 457.101652369 12.4557440407 3.47747154764 38.5926670005
502.527881024 455.489396759 12.8383232926 3.46107870893 38.4854135913
505.602073676 454.068792347 12.985394173 3.40789202091 38.3763117561
508.64899175 452.887082465 12.8137879731 3.34710797261 38.2694439785
511.738173038 451.900229518 12.3635046979 3.30829421327 38.1682348738
514.879871969 451.008184048 11.7830676288 3.30129342118 38.0761151661
518.041894922 450.120540504 11.2525583073 3.31431460939 37.9963451587
521.198254247 449.192298447 10.8904271512 3.32871059811 37.9313501154
524.35327417 448.213201605 10.7119898202 3.33534550578 37.8820332187
527.52250834 447.179616614 10.6614042045 3.33820867293 37.8474923966
530.701418222 446.081334799 10.6722737622 3.34513116015 37.8253210947
533.860722758 444.910121376 10.7014943144 3.35799018636 37.8123359403
536.970910258 443.672629125 10.7287104985 3.37231275735 37.8053595946
540.024499808 442.389134174 10.7467869555 3.38318473691 37.8017110205
543.035072103 441.080458855 10.7570070329 3.38914752169 37.7992462928
546.022194339 439.758281722 10.7650152324 3.39133981652 37.7959932523
549.000818231 438.423856901 10.7782178007 3.39085280331 37.78954694
551.981564465 437.071761689 10.8048194538 3.38699226671 37.7764653464
554.977990186 435.699164919 10.8486005695 3.37689495111 37.7519651698
558.015445907 434.315696009 10.9032876675 3.35645952469 37.7102141297
561.136400027 432.938905124 10.9563928378 3.32243754504 37.6453389144
564.39761069 431.57216874 10.9989706589 3.27456176318 37.5529015842
567.858591434 430.18808878 11.0304491574 3.21659517854 37.4312383168
571.564890928 428.740362841 11.0585545098 3.15632119603 37.2820018236
575.52951784 427.190201523 11.1021024936 3.10468940496 37.1096221299
579.716439239 425.511249823 11.2001680128 3.07345355726 36.9199745949
584.034093909 423.674659143 11.4233578012 3.07132201316 36.7189190139
588.348327363 421.657426298 11.8662355506 3.10046184216 36.5113261334
592.516094081 419.485006834 12.5902257115 3.15587825107 36.3008561136
596.426485451 417.2582401 13.5383395869 3.22798519872 36.0903874829
600.030088288 415.121302836 14.5145445694 3.3053152406 35.8827968564
603.347943212 413.192253727 15.2770297714 3.37521529362 35.6817375638
606.459256951 411.513255964 15.6706119505 3.425176942 35.4920667169
609.466191793 410.051446221 15.6930528765 3.44790982368 35.3196243984
612.448130077 408.734840836 15.4670556223 3.44649441315 35.1702664395
615.437240937 407.490785726 15.1553119874 3.43226988087 35.0484142404
618.431104086 406.272181886 14.8722538073 3.41615040099 34.955731648
621.420025059 405.073045311 14.6412879233 3.40188213809 34.8905850533
624.401003465 403.929138566 14.4195168922 3.3860602367 34.8485728805
627.37564882 402.89735031 14.1624743002 3.36311957248 34.823842811
630.343220797 402.026810204 13.8697779021 3.33104568565 34.8105405759
633.294052124 401.344977204 13.5767640348 3.29316113795 34.803774527
636.202694907 400.864044227 13.3123821052 3.25483683864 34.7998233797
639.024509601 400.588918308 13.0721304388 3.21966825411 34.7956777639
641.705033339 400.509538421 12.8302357629 3.18897289455 34.7882115017
644.205488619 400.587426431 12.5683462876 3.16242985581 34.7733473808
646.530610427 400.762367959 12.2832709555 3.13712781957 34.7456015658
648.737745128 400.980787011 11.9710585111 3.1075698889 34.6983468233
650.922048416 401.214061483 11.6215421845 3.0696780212 34.6249180315
653.192649417 401.446721891 11.2408880366 3.0258512981 34.5202698508
655.654397552 401.656867084 10.8707277835 2.98476946952 34.3824933854
658.394128112 401.818641291 10.5689596685 2.95494485392 34.213437043
661.46235103 401.920354542 10.369137314 2.93869536094 34.0180930233
664.853361705 401.971452201 10.2630860067 2.93237277422 33.8030506515
668.502856757 401.991753733 10.2182091617 2.93083984322 33.5747192697
672.313112138 401.99809928 10.203099558 2.93076297346 33.3379213383
676.188171725 401.999657909 10.1990521331 2.9308738524 33.0949955621
680.056641302 401.999957801 10.1981904307 2.93092812279 32.8451273003
683.881528125 402.0 10.1980493968 2.93094376746 32.5835718773
687.666004244 402.0 10.1980390272 2.93094788372 32.300822522
691.449987528 402.0 10.1980390272 2.93094795655 31.9823610311
695.289131148 402.0 10.1980390272 2.93094795784 31.6099446719
699.22572911 402.0 10.1980390272 2.93094795786 31.1649647648
703.269228033 402.0 10.1980390272 2.93094795786 30.6332393852
707.392045859 402.0 10.1980390272 2.93094795786 30.009371402
711.539525875 402.0 10.1980390272 2.93094795786 29.2985508054
715.652005092 402.0 10.1980390272 2.93094795786 28.5148509386
719.685545748 402.0 10.1980390272 2.93094795786 27.6769418834
723.614843816 402.0 10.1980390272 2.93094795786 26.8033847214
727.422669561 402.0 10.1980390272 2.93094795786 25.9095174147
731.094784174 402.0 10.1980390272 2.93094795786 25.0067888272
734.625884164 402.0 10.1980390272 2.93094795786 24.104214552
738.027914338 402.0 10.1980390272 2.93094795786 23.2110078697
741.334192999 402.0 10.1980390272 2.93094795786 22.3392677334
744.594522622 402.0 10.1980390272 2.93094795786 21.5055422626
747.85993365 402.0 10.1980390272 2.93094795786 20.7301600285
751.170863822 402.000003617 10.1980390272 2.93094795786 20.0338422829
754.562286464 402.000090503 10.1980390272 2.93094795786 19.4324392627
758.071553044 402.000623047 10.1980390272 2.93094795786 18.9320180057
761.728513831 402.003194783 10.1980390272 2.93094795786 18.5268080899
765.540905821 402.013021483 10.1980388486 2.93094823142 18.2011439569
769.50079478 402.042541376 10.198030952 2.93096494798 17.9343589753
773.606450118 402.112522851 10.1983116082 2.93107395794 17.7061716918
777.873931547 402.24438583 10.2002863855 2.93161750618 17.5003552433
782.329918554 402.44288029 10.2107083554 2.93374550614 17.3058971124
786.991913737 402.680581911 10.2533628162 2.9402525629 17.1162239852
791.840959874 402.894108847 10.3889581281 2.95576497008 16.9276039843
796.801610424 402.992926778 10.7250755139 2.98451667447 16.7376234372
801.752610227 402.890099622 11.3771360759 3.02573723267 16.5441769795
806.567163125 402.562396369 12.372336301 3.07100771093 16.3450720819
811.153102693 402.095016894 13.5767562745 3.10805881781 16.1381691274
815.471558209 401.644832031 14.7466837939 3.12803124885 15.9218496027
819.534352953 401.345137907 15.6741051869 3.12800666831 15.695502267
823.386231838 401.251568958 16.2870348653 3.10718096785 15.4597258171
827.076319627 401.363976644 16.6434939222 3.06438052578 15.2161198002
830.632815177 401.663332841 16.8830997866 3.00123535984 14.9667830258
834.067141617 402.119178723 17.1897552678 2.9245008938 14.7137934783
837.409718296 402.689980728 17.7526607909 2.84119953917 14.4589225978
840.726474279 403.341728073 18.7081111521 2.75300779001 14.2037022304
844.070384903 404.06999942 20.075097265 2.65936489114 13.9498284278
847.410115314 404.905078029 21.7179083427 2.56499403405 13.699792897
850.626002673 405.901588501 23.3775839887 2.48033392934 13.4575345388
853.592339506 407.121121683 24.7842767359 2.4137081312 13.2287768356
856.266757812 408.614375055 25.7866505464 2.36402644169 13.0206624253
858.703117664 410.405957282 26.4048716272 2.32089172109 12.8404882392
860.985386827 412.480660166 26.7802303425 2.27182008364 12.6938202052
863.152450379 414.779563272 27.0759192768 2.21055447261 12.5827628101
865.179192481 417.222474105 27.3986271463 2.13951743386 12.5052529891
867.01158538 419.746523699 27.7730893259 2.06532229122 12.4557584925
868.604570894 422.320433438 28.1594557941 1.99347587285 12.4269942111
869.931693638 424.921040578 28.4898508693 1.92646663774 12.4117807293
870.981814137 427.513059638 28.7133573667 1.86260962432 12.4042567744
871.761043512 430.063346543 28.8306786712 1.79535633141 12.4001395473
872.29151483 432.563046008 28.8866565815 1.71710210911 12.3961976809
872.597022858 435.020673156 28.9226654646 1.62525159251 12.389324254
872.683928805 437.436693261 28.9404408176 1.52258083177 12.3756225815
872.532688697 439.796201117 28.9100409521 1.41222986521 12.3498902395
872.112449895 442.084803588 28.7941274299 1.296462865 12.3058247871
871.418256314 444.300870652 28.5536693565 1.18144202331 12.2370652364
870.501019638 446.449048121 28.1519761103 1.078730794 12.1387844173
869.453682184 448.528330214 27.5825420435 0.998118504069 12.0091539353
868.359793319 450.537144883 26.887963253 0.940989002266 11.8499443259
867.252810934 452.496021445 26.1297240189 0.903570374795 11.6659375496
866.119700478 454.452544631 25.34798942 0.883051055487 11.4634678687
864.935170762 456.445546032 24.5714413438 0.875650381914 11.248820338
863.689767599 458.469561724 23.8488665678 0.872133936159 11.0271542636
862.390424559 460.491470238 23.2398105425 0.861902190822 10.8022209524
861.044440568 462.495182301 22.777028655 0.840856841231 10.576743747
859.650566383 464.485660332 22.4606427376 0.810118238782 10.3531329214
858.201779772 466.445261544 22.2873948739 0.766571565354 10.1341942855
856.686622428 468.307538835 22.2516858673 0.699812111514 9.9235393946
855.086083646 469.995434409 22.2877114466 0.603358692173 9.7254782802
853.376386894 471.488223972 22.2284080985 0.488543954192 9.54433253789
851.539993699 472.841074856 21.8781556726 0.382709727416 9.38337345231
849.574200835 474.135948498 21.160394747 0.310863039481 9.24384408818
847.490839058 475.418502222 20.1901089008 0.279144018421 9.12455796007
845.314103027 476.676414916 19.1980399867 0.274129378676 9.02229394843
843.085406552 477.858671349 18.3843455959 0.274034943152 8.93279193385
840.86932137 478.90305418 17.8230008939 0.260145052784 8.85189253539
838.740899431 479.757144865 17.4678114205 0.223521655403 8.77642576605
836.750463725 480.400416461 17.2214938129 0.167789358464 8.70474353873
834.895309299 480.859645981 16.9987247916 0.106457771352 8.63705925758
833.12373652 481.192211599 16.7511524751 0.0535407880484 8.57580230432
831.357942013 481.4410381 16.4667912805 0.0137058624411 8.52598562567
829.513011082 481.603266072 16.1636085517 -0.0201246266275 8.49526788092
827.514169102 481.640733138 15.8802483528 -0.0619812772933 8.49322799258
825.318605179 481.512611539 15.6594258022 -0.126116878972 8.52959193173
822.929942657 481.19452343 15.5274489593 -0.22008361843 8.61175134738
820.393053437 480.675242588 15.4873839003 -0.338324027615 8.74252761035
817.77442048 479.950947604 15.5319042901 -0.462038742164 8.91924935362
815.134349798 479.035070183 15.6454662338 -0.568764280435 9.1346196491
812.494746753 477.973139532 15.7788942721 -0.643287146304 9.37891355281
809.82918583 476.835789655 15.8450235086 -0.679827099392 9.64242679309
807.103195684 475.687355832 15.7778968766 -0.678262007744 9.91717116041
804.329490955 474.562156918 15.5982882342 -0.643043132881 10.1973972626
801.567460425 473.473392206 15.3978304979 -0.584836436656 10.4791329912
798.867895701 472.437708218 15.257135187 -0.518878194036 10.7592255687
796.236789363 471.481753592 15.1912590688 -0.458911132847 11.0343783993
793.654759165 470.626532723 15.1641145521 -0.412367641109 11.3005614756
791.111333345 469.873062503 15.1327023332 -0.38102665654 11.5530426666
788.608394092 469.201509925 15.0751004037 -0.364030535484 11.7870933485
786.140970084 468.576307935 14.9921856897 -0.358927315241 11.9991297391
783.688353938 467.954428475 14.8931690602 -0.361747818882 12.1877787751
781.217680204 467.30265404 14.7774325158 -0.366982022454 12.3543231253
778.681099751 466.617215707 14.6317887054 -0.365859806842 12.502279997
776.016391615 465.925307351 14.4571449802 -0.347171056714 12.6363292431
773.172645927 465.260341044 14.3020533848 -0.306374086718 12.7611071908
770.136946391 464.631602044 14.2549583781 -0.254666411849 12.8803376877
766.92264805 464.016767982 14.3891275137 -0.213106474697 12.9964751554
763.538193864 463.380649711 14.7147021492 -0.194155557865 13.1107374677
759.987474625 462.700172721 15.17869834 -0.191499475636 13.2232916267
756.300017819 461.978391606 15.6946128257 -0.188971724239 13.3334302527
752.543868804 461.246788678 16.1701900565 -0.176162964151 13.439730531
748.801230726 460.559432147 16.5283537246 -0.153985668588 13.5402936567
745.13246621 459.976718184 16.7225097106 -0.128430659611 13.6331489991
741.558278159 459.541246152 16.7404728603 -0.102541071057 13.7167830364
738.062687822 459.26012834 16.6006935808 -0.0755907477688 13.7906115745
734.599117945 459.106303557 16.3483863177 -0.0481955847624 13.8551764837
731.091358145 459.036250743 16.0482553558 -0.0245099306781 13.9119659174
727.445342883 459.010256086 15.774845366 -0.00787130390835 13.9629520425
723.58702957 459.003089635 15.6061425004 0.00387757444843 14.0100669624
719.506231116 459.004425975 15.6123922424 0.0177924368344 14.0548109937
715.267565665 459.016059156 15.8288916187 0.0405903121753 14.0980505722
710.978495842 459.05172537 16.2260218314 0.0720152683936 14.1399326394
706.746374836 459.138007258 16.7075744109 0.101615317468 14.1798090046
702.652539645 459.30918926 17.1520547925 0.115364105131 14.2161398923
698.738161016 459.593715578 17.472819013 0.108621920643 14.2464720155
694.991765117 459.999271006 17.648254095 0.0902517385909 14.267664502
691.349811023 460.506763252 17.7035435682 0.0718672670426 14.2764746271
687.716620434 461.07597155 17.6744733529 0.0574915895535 14.2704059235
683.992034574 461.660910352 17.5854927267 0.0466939619173 14.2484901487
680.097828543 462.229226826 17.4473616718 0.0434918679939 14.211617747
675.999447175 462.773778005 17.2706686955 0.0568976760771 14.1622388998
671.714606485 463.309052539 17.0837644815 0.0917974801652 14.1035989561
667.305119305 463.857133832 16.9302562148 0.139780869823 14.0388974085
662.860214393 464.431808855 16.8426032534 0.181189855732 13.9707254917
658.475285912 465.027451121 16.8262359341 0.200222525795 13.9009202797
654.2257098 465.621658059 16.874176359 0.199025047665 13.8307597788
650.149749282 466.192028602 16.9834614947 0.194184106006 13.761328686
646.254165427 466.731460963 17.1496290462 0.199103956421 13.6938872258
642.531686677 467.24828009 17.3514684512 0.211738286336 13.6301010311
638.971177946 467.757264 17.5477604101 0.218850626227 13.572015511
635.557527417 468.274386944 17.6942675185 0.21089436104 13.521727223
632.26917591 468.815902055 17.7710401619 0.192616065263 13.480845665
629.081716083 469.395030529 17.7960097478 0.179372411754 13.4499859098
625.979998717 470.017127953 17.8133200258 0.184905183788 13.4285593304
622.964777555 470.683454399 17.8733899582 0.214258244824 13.4149795404
620.042472242 471.403016518 18.0203301716 0.264814369214 13.4071677229
617.211957095 472.196411425 18.2820262801 0.328924283516 13.4030962082
614.465822548 473.086924072 18.6596217803 0.397099277894 13.4011409913
611.8013651 474.094339966 19.1260992029 0.463407365404 13.400162947
609.232510206 475.237045073 19.6366804337 0.5273616609 13.3993762639
606.79520713 476.527076706 20.1444739912 0.588717922506 13.3981186743
604.528560551 477.960158207 20.6175437657 0.644563992409 13.3956293536
602.436451629 479.525536749 21.0471104267 0.694734150185 13.3909171165
600.475088776 481.234919401 21.4363703065 0.746069975834 13.3827804568
598.591385405 483.13148801 21.7796371602 0.807037500472 13.3699994333
596.77215891 485.263015469 22.0485417584 0.878886628642 13.3516424323
595.046507158 487.652597359 22.1908712832 0.954099893869 13.3273528671
593.440973646 490.292526663 22.1525758779 1.02264770946 13.297468052
591.946946115 493.152284623 21.9187182547 1.07909096229 13.2629049683
590.543631751 496.189002136 21.531789948 1.12559032423 13.2248758589
589.249218039 499.354695546 21.0601218913 1.17046497486 13.1845790748
588.143684258 502.594753485 20.549665827 1.22400548057 13.1429973372
587.340364264 505.846608322 20.0102916037 1.29410686947 13.1008561133
586.930351745 509.054089816 19.4438778836 1.38356237039 13.0587162785
586.93886286 512.190252763 18.8828222973 1.48931884349 13.0171367948
587.316022889 515.266010506 18.4027789582 1.60258792628 12.9768362991
587.958245568 518.316112295 18.0914952964 1.71010797669 12.9387838779
588.743127324 521.375230833 17.9892674123 1.79844524344 12.9041581697
589.563728696 524.45963199 18.0478350928 1.86015245973 12.8741518892
590.352405203 527.561982845 18.145746427 1.89536918167 12.8496733928
591.085485891 530.654886822 18.1548240522 1.90657092201 12.8310711334
591.766429089 533.691751181 18.015663643 1.89484641477 12.818018761
592.402643143 536.607900801 17.7687324356 1.86412468433 12.8096211557
592.997054858 539.340114189 17.5162900398 1.82544346551 12.804679964
593.555715333 541.865903988 17.3474094652 1.79223227854 12.8019739991
594.095044364 544.232458826 17.2875637391 1.77208508137 12.8004114398
594.638918075 546.54705627 17.3032593236 1.76481060969 12.7989744908
595.209309819 548.933290171 17.3415118472 1.76552640061 12.7964523094
595.818468825 551.483475309 17.3661974066 1.76645888351 12.7910255463
596.470160251 554.237267621 17.3727833476 1.75863717578 12.7798443052
597.169204031 557.192883837 17.3841821729 1.73715823763 12.7588297115
597.92506608 560.33111179 17.4304228961 1.70607621658 12.7229559819
598.739420399 563.628849642 17.518176053 1.67708626335 12.6671307474
599.591468464 567.059350162 17.6136268709 1.66231380823 12.5874766205
600.443267924 570.591497073 17.6629006454 1.66614092778 12.4825002187
601.265839976 574.19733325 17.6382417634 1.68272719142 12.3535787288
602.062623265 577.864447369 17.5639873351 1.70309192706 12.2045074414
602.866560239 581.600145358 17.4926068287 1.72405937765 12.0403437093
603.71305164 585.421025358 17.456283117 1.74752481764 11.8661048428
604.615449914 589.339424829 17.4466930582 1.77269096815 11.685828818
605.563454794 593.358867665 17.4390709733 1.79357334982 11.5021883115
606.537931026 597.473923698 17.425149403 1.80418131984 11.3165297636
607.52372682 601.66813344 17.4186655261 1.80347368892 11.1290844573
608.51250725 605.916038916 17.4355660187 1.7952656637 10.939175238
609.499288214 610.192620254 17.4753713294 1.78472859353 10.7454012983
610.478275528 614.480500025 17.5247734388 1.77474013351 10.5458929021
611.441896304 618.768452952 17.5789604145 1.76464120812 10.3387162108
612.386299837 623.045421882 17.6487817461 1.75375526377 10.1223896302
613.321072028 627.294871624 17.7342428093 1.74779332689 9.89633981589
614.27082869 631.494663986 17.7990102341 1.75874320201 9.66109246916
615.258566288 635.627080898 17.7924632755 1.79322224023 9.41810643367
616.282918856 639.691218381 17.6985552564 1.84164201525 9.16934857044
617.314004613 643.703381847 17.5501020496 1.88329880095 8.91684093891
618.311280985 647.684960427 17.4007524892 1.90235757361 8.66241506978
619.244353523 651.650020044 17.2971504372 1.89690213962 8.40781105439
620.105563983 655.599867759 17.2671926208 1.87422217249 8.15513782323
620.915644422 659.52315019 17.3105259971 1.84095080028 7.9075937089
621.717599582 663.401621049 17.3961814416 1.7987126472 7.67020406598
622.554609517 667.224284876 17.4819035274 1.74795016426 7.45017179233
623.446938191 671.003735549 17.5399497389 1.6944699723 7.25638470209
624.388138751 674.777844638 17.5627068991 1.65112818046 7.09786511925
625.359342057 678.590154329 17.5507792303 1.63206177156 6.98150209325
626.343994391 682.467298923 17.5064462059 1.64388271107 6.9099718081
627.332541494 686.414893855 17.4390526792 1.68068243542 6.88086020821
628.319180918 690.426378275 17.3685429471 1.72595705034 6.88745225041
629.296115384 694.482901542 17.3190503398 1.75945499793 6.92077558666
630.24867846 698.542724709 17.3083228324 1.76634107814 6.97190323077
631.155353598 702.544262841 17.3378355755 1.74628271758 7.03359440786
631.9967701 706.433308059 17.3901005493 1.71642242249 7.10091269071
632.769522224 710.187452719 17.4474847973 1.7022799174 7.17103165711
633.492632108 713.811592505 17.5264218453 1.72169606262 7.24268235412
634.202721167 717.318058139 17.6873807823 1.77572685937 7.31560752308
634.95006453 720.715178561 17.9974135787 1.85319502996 7.39016316263
635.800219815 724.00005105 18.4735189593 1.94105890587 7.46703537417
636.826925943 727.148542234 19.0528871251 2.0293215684 7.54699171691
638.089408608 730.117639514 19.6140585521 2.109720753 7.63063501684
639.609443932 732.865865786 20.0446884645 2.17576615833 7.71820179722
641.363501879 735.372719439 20.3147997633 2.22601526704 7.80947836711
643.292813131 737.647713374 20.491190193 2.2640815606 7.90386913208
645.330007941 739.738094041 20.6742474501 2.29378935877 8.00057548072
647.42952857 741.725278711 20.9219745495 2.31720231626 8.09878919173
649.576215467 743.68570838 21.2322443818 2.3394474956 8.1978062868
651.765317579 745.632941053 21.5697409364 2.3729767209 8.29701118246
653.984105353 747.50437154 21.87538887 2.43161256884 8.39573024734
656.22212757 749.221682014 22.0509521594 2.5161988021 8.49299242222
658.495551719 750.76532114 21.9755283592 2.60734201614 8.58727564546
660.854352049 752.179652563 21.5821261834 2.67791249288 8.6763685837
663.370448395 753.512192819 20.9348088798 2.71489902742 8.75750050009
666.123736759 754.771966158 20.216336567 2.72736785331 8.82782156239
669.182883137 755.950480158 19.6172907934 2.73621913378 8.8851335261
672.576371038 757.059310971 19.2134304202 2.76161951198 8.92857361747
676.283925642 758.131501797 18.9298992916 2.81586267959 8.95890800175
680.27708637 759.192571836 18.6204463368 2.89705105278 8.97827483372
684.571718527 760.237857585 18.1946308827 2.98705170171 8.9895191393
689.224987057 761.238463223 17.6798870532 3.06220721092 8.99546443287
694.276875632 762.16505775 17.1690117685 3.1095449324 8.99844360811
699.704112417 762.998189278 16.7247394631 3.13184857701 9.00022956961
705.426686735 763.717301213 16.3430981114 3.13953494264 9.0023221898
711.337637599 764.299988227 15.9843470465 3.14136736898 9.00644926933
717.314407454 764.748421833 15.6141951806 3.14159292131 9.01509266351
723.217751397 765.108517564 15.2257462921 3.14146029951 9.03180070672
728.913168826 765.446806038 14.8438630648 3.14083295376 9.06102884564
734.315169213 765.804260957 14.5121868877 3.13859451816 9.10737477308
739.413912136 766.174625358 14.2679767295 3.13249768877 9.17438296307
744.262763849 766.5256868 14.1227557393 3.12021493173 9.26342455296
748.947181232 766.839440101 14.065523491 3.10273308782 9.37322988377
753.557678186 767.134464902 14.0801201415 3.08712611216 9.50033336793
758.166399924 767.451884201 14.1548794658 3.08298810564 9.64018520924
762.803963523 767.821693671 14.2770871575 3.09351533885 9.78836848846
767.44841717 768.243037709 14.4269623109 3.1117028366 9.9414372037
772.03842077 768.690669419 14.5810790375 3.12699749798 10.0972311616
776.501727518 769.132803125 14.7161051567 3.1336318692 10.2548336821
780.777230699 769.545518357 14.8098565506 3.13205653047 10.414429177
784.822106992 769.919294756 14.8506166824 3.12616898872 10.5772034146
788.612025445 770.255559665 14.8490085657 3.12127496944 10.7452429713
792.146465988 770.557605167 14.8286713089 3.12182781215 10.9212741164
795.464795383 770.829441971 14.7967243777 3.12818501063 11.1081225864
798.657962984 771.082415376 14.7317201586 3.13626960234 11.3079639864
801.849823621 771.331767002 14.6112306244 3.14168958382 11.5216422907
805.150902994 771.582882606 14.4469578145 3.14330001832 11.7483847654
808.621692916 771.829697625 14.2840575694 3.14238706986 11.986060731
812.270680248 772.066762102 14.1711100513 3.1396842148 12.2318351995
816.072406906 772.289131706 14.1424298762 3.13381358335 12.4828709689
819.977684491 772.476812762 14.2268572127 3.12244285637 12.7367526338
823.916802359 772.594626184 14.4523471423 3.10584034227 12.9914791382
827.816320834 772.617526006 14.8196789006 3.09011474847 13.24505346
831.625908346 772.549272877 15.2682830687 3.08509269775 13.494818003
835.326134577 772.410684654 15.6839435392 3.09667739814 13.7367774331
838.905085896 772.216180837 15.9582315779 3.12219915365 13.9652498846
842.33327875 771.965737788 16.0480415471 3.15446463514 14.1732139328
845.574469738 771.653326435 15.9799570949 3.18841676812 14.3535225695
848.628039873 771.278873083 15.8026726114 3.22265317996 14.5007082668
851.558649466 770.8547539 15.542495173 3.25658374448 14.6126453658
854.481920155 770.403761843 15.2063678498 3.28741698016 14.6912492662
857.519357469 769.949330247 14.8188370666 3.30985927543 14.7418414663
860.755738799 769.50088354 14.4413750349 3.32000846888 14.771522279
864.216688392 769.040143747 14.1467682012 3.31953798206 14.7873632817
867.867270673 768.521865525 13.973694329 3.31327297214 14.79517074
871.629325392 767.898212669 13.9088088004 3.30260018519 14.7991268997
875.411857589 767.152495223 13.9155756569 3.28520674507 14.8021624547
879.142296538 766.314244247 13.982246671 3.26118626665 14.8066949653
882.78479098 765.446447973 14.1391841708 3.23537321119 14.8153655544
886.337506212 764.616976052 14.4225946551 3.21395454931 14.8314819271
889.814579322 763.864585104 14.814746464 3.20176344323 14.8589661966
893.229770842 763.170209675 15.2199779147 3.20156846686 14.9017566275
896.592358705 762.458983534 15.5106562193 3.21297962745 14.9628531421
899.907745252 761.649649813 15.6171953912 3.23197180844 15.0434256685
903.172910441 760.71948069 15.5883978502 3.25247444271 15.1424373791
906.373055705 759.725349554 15.5590974474 3.2684457039 15.256990696
909.488844161 758.763169981 15.6471383406 3.27493589469 15.3832273194
912.506831678 757.907816277 15.8797559584 3.2692122792 15.5173731938
915.421478253 757.181992892 16.2115466511 3.25312878214 15.6565725715
918.231300542 756.564104424 16.5883656851 3.23438998223 15.7994205439
920.933593944 756.014755282 16.9808509476 3.22326973822 15.946349725
923.515237545 755.498813243 17.3714212153 3.22731267558 16.1000604074
925.949316679 754.992510924 17.727290324 3.24970273258 16.2659677944
928.219291017 754.478340801 17.992696477 3.28980963755 16.4523145451
930.361877504 753.936811214 18.1121105568 3.34106890068 16.6694274911
932.479304554 753.344234652 18.0663086015 3.38979599452 16.9278331009
934.696174499 752.679621505 17.8863051622 3.42113673812 17.2355882634
937.103929405 751.932368169 17.6331120556 3.42744032693 17.5958494356
939.747892362 751.098619056 17.3685440508 3.40959437922 18.0058402398
942.650491952 750.171356594 17.1425892392 3.37238464944 18.4577502047
945.823957668 749.145052716 16.9909300667 3.3219683171 18.9410845659
949.257734137 748.0361906 16.9261168366 3.2669530755 19.445296809
952.906621778 746.890732657 16.9304972164 3.21791262779 19.9615922406
956.698698618 745.761436855 16.9685900758 3.18358060744 20.4834069665
960.555437964 744.677755957 17.0105348659 3.1676462086 21.0057273882
964.411497767 743.638148922 17.0413434208 3.16875182738 21.5237764612
968.231980842 742.623716706 17.0506355876 3.18192019696 22.0316759397
972.025533728 741.611929383 17.0236835026 3.19948011518 22.5216712664
975.842288055 740.579872717 16.9526019393 3.21262120391 22.9844074862
979.748719011 739.50492593 16.8573010802 3.21470688976 23.4104306121
983.791842221 738.373591967 16.7844771626 3.20451726871 23.7925093919
987.976537067 737.194481718 16.7738187675 3.18660774203 24.1277997423
992.269211526 735.99689144 16.8246980791 3.16810973585 24.4187722331
996.623507254 734.806345457 16.9007539813 3.15434684588 24.6724010033
1001.01156042 733.618448034 16.9633164476 3.14673016793 24.8980308032
1005.43671459 732.4012254 16.993711259 3.14413643809 25.1049507288
1009.9104106 731.12656618 16.9870642486 3.14578764368 25.3006231776
1014.40761394 729.800410774 16.9350549429 3.15324541802 25.4899231552
1018.84730538 728.46524718 16.8222381905 3.17050451436 25.6751424343
1023.12939774 727.17588529 16.6455864261 3.20211700013 25.8562827236
1027.19951686 725.96902975 16.4412497673 3.25054245019 26.0313280365
1031.08173143 724.846982633 16.281203344 3.31452646017 26.1965223654
1034.85919352 723.782053754 16.2236361388 3.38831425401 26.3469095814
1038.63898093 722.73206968 16.2605206606 3.45973491639 26.4773415115
1042.53061116 721.654503728 16.3247817214 3.5096575787 26.5838394308
1046.62425362 720.517826962 16.3543341815 3.51884581728 26.6648290091
1050.95863772 719.311665232 16.34577553 3.48047419266 26.721670172
1055.50821214 718.048259804 16.3477536295 3.4065519624 26.7582088856
1060.21178465 716.750451248 16.409886085 3.32104830885 26.7795930409
1065.01403466 715.437781136 16.5392424081 3.24627553541 26.7909426612
1069.88057923 714.124280007 16.6972236702 3.19371475751 26.7964223228
1074.78766289 712.825988956 16.8273864506 3.16347100525 26.7989339937
1079.70993644 711.571736271 16.8821431464 3.14920470566 26.8003130656
1084.61377238 710.40989485 16.8295052969 3.14359658799 26.8017610638
1089.45222899 709.398661614 16.6533008279 3.14112668886 26.804277038
1094.16742519 708.581246802 16.3711884787 3.13750361264 26.8089420785
1098.70942114 707.971405504 16.0638949468 3.12703728095 26.8169892515
1103.06045462 707.568217269 15.870608277 3.10030458857 26.8296559629
1107.23347973 707.389589683 15.9134273926 3.04592955871 26.8478930215
1111.23072594 707.50561958 16.1685520783 2.95911693826 26.8720774844
1115.00201329 708.048567055 16.3842636657 2.85160330963 26.9018867396
1118.47054794 709.164108002 16.1834156694 2.74993047189 26.9364045989
1121.6291719 710.905774419 15.3541048586 2.67685595057 26.9743937821
1124.61309574 713.18012062 14.0754896011 2.6331577327 27.0145555074
1127.66681368 715.855494313 12.8149129159 2.60130938671 27.0555573514
1131.05996786 718.973443863 12.0036470079 2.56461824519 27.0956726749
1135.03396483 722.835214024 11.8393330192 2.51327802864 27.1321280338
1139.71845398 727.795543967 12.3136787763 2.43359702441 27.1607486852
1144.94754249 733.870060136 13.2754179125 2.30901282978 27.1767581892
1150.15856663 740.525348582 14.4459171484 2.14093439567 27.1768175402
1154.62986431 746.94167269 15.5007964997 1.95693207962 27.1608974754
1157.91982172 752.540267682 16.2339423217 1.79036091957 27.132261832
1160.06463784 757.249588618 16.6461650334 1.65974676498 27.0955445317
1161.39017471 761.327195907 16.8707949439 1.57073006382 27.0546146853
1162.22561845 765.048494685 17.0296130629 1.52599566763 27.0116334505
1162.77878494 768.572251385 17.1441524177 1.52375459651 26.9672581734
1163.15540529 771.976939597 17.1424841714 1.55030254592 26.9212275047
1163.4067075 775.314549286 16.92683135 1.58332872315 26.8728460657
1163.56275315 778.617449807 16.4422149234 1.60544471915 26.8213260205
1163.64906859 781.90224832 15.7007809188 1.60984111595 26.7660612479
1163.67855411 785.185379838 14.7724350243 1.59324913224 26.706834632
1163.64021165 788.470667555 13.780907531 1.55395374989 26.6439001948
1163.51414798 791.72087104 12.8889696748 1.49953342542 26.5779195913
1163.30012316 794.878623248 12.2371293596 1.44702535197 26.5098368863
1163.02220094 797.923076704 11.8754703399 1.41026336707 26.4408799409
1162.70888234 800.88003934 11.7572868807 1.3907478727 26.3729625178
1162.37631292 803.779297435 11.7896969536 1.3811652109 26.309821009
1162.02388448 806.628177772 11.8804396279 1.37396040365 26.2591761351
1161.63653929 809.430415813 11.9532777555 1.36606179561 26.2358608882
1161.19498037 812.212190574 11.9563742676 1.35873534377 26.2650291165
1160.69257125 815.021631261 11.8826406909 1.35487735262 26.3834891646
1160.14370674 817.904686094 11.7817478623 1.35606045626 26.6367729682
1159.5714737 820.881319401 11.7330748541 1.36101141178 27.0708061823
1158.98592714 823.943056283 11.7816100403 1.36624637888 27.7200302468
1158.38235198 827.067677389 11.8873044444 1.36855488942 28.5967979226
1157.76605862 830.232325887 11.9429289101 1.3673472814 29.6872840527
1157.16872371 833.419787454 11.8567757449 1.36442432433 30.9560679829
1156.62787063 836.622301569 11.6266712613 1.36128429886 32.3568919286
1156.15118585 839.839058516 11.3373554812 1.35720575671 33.8441922562
1155.70621622 843.062944803 11.0943894187 1.35049548552 35.3805670952
1155.24398491 846.272099544 10.9627982656 1.3409361443 36.9382744094
1154.73171386 849.445969454 10.9533795921 1.33012760279 38.4957401064
1154.16968187 852.593950113 11.0441285243 1.32024583467 40.031497468
1153.58473776 855.763523199 11.202248346 1.31398761564 41.5182585849
1153.00882889 859.017767157 11.3908825955 1.31496721307 42.9197343374
1152.4595957 862.404192075 11.5711229119 1.32540147576 44.1923843348
1151.93655338 865.940672635 11.7135954301 1.34277273545 45.2927706054
1151.43009034 869.622867901 11.8110891305 1.36073574443 46.188450332
1150.9311479 873.435530484 11.8726324962 1.37395991068 46.8677654758
1150.43458721 877.350965777 11.906877942 1.38119970566 47.3436317388
1149.93772347 881.320761952 11.9210151939 1.38413334367 47.6493035061
1149.43746978 885.279749753 11.9303760351 1.3847170103 47.8283515499
1148.92755416 889.164627852 11.9513297871 1.38379937393 47.9237625374
1148.39793079 892.932013717 11.9820340636 1.38125565635 47.970567865
1147.83966851 896.566564741 12.0038514756 1.37697464014 47.9937036192
1147.25442393 900.081063304 12.0066942854 1.37198810368 48.010122985
1146.65912745 903.512254256 12.0041290723 1.36852090254 48.0329490759
1146.07726144 906.912022433 12.0183920842 1.36832858554 48.0755450033
1145.52355547 910.33172387 12.0565830991 1.37075765319 48.1539542605
1144.99744932 913.802905682 12.1071189552 1.37284330509 48.2867808681
1144.48921935 917.324077527 12.1550686616 1.37159082175 48.492391766
1143.98865573 920.862066338 12.1937264776 1.36622134703 48.7844678133
1143.48792954 924.36833903 12.2228782945 1.35851946948 49.167940837
1142.97912105 927.802309656 12.2430693454 1.3513552924 49.6374065635
1142.45188065 931.150584911 12.2542231216 1.34687809508 50.1788783959
1141.89655522 934.433056617 12.2570792614 1.34574239513 50.773952895
1141.31263642 937.691709596 12.2542306382 1.34737566762 51.4043103464
1140.71333494 940.970743404 12.2507493037 1.35058799792 52.0546304983
1140.11662146 944.307039586 12.2544890709 1.35433828815 52.7130844778
1139.52920306 947.734744469 12.275222535 1.35845540433 53.3696911659
1138.94247893 951.283408866 12.3214273918 1.36334380825 54.013478658
1138.34675992 954.958619178 12.3945388599 1.36857625951 54.6296616997
1137.74677935 958.725414117 12.4841425151 1.37218313955 55.1981814603
1137.15948755 962.517541407 12.5706817238 1.37194284114 55.6948331854
1136.59729219 966.267809376 12.6351675585 1.36743726096 56.0954138403
1136.05577073 969.936783539 12.6669100075 1.36083659334 56.3818008551
1135.5159628 973.5220041 12.6662773216 1.35575933131 56.5474208657
1134.95596609 977.046514715 12.6462057448 1.35512526901 56.5993936869
1134.36302923 980.540388065 12.6293326644 1.3595059576 56.5562045366
1133.73911081 984.03088299 12.6344221672 1.36700488719 56.4421141133
1133.09681602 987.544678133 12.6591729496 1.37467121642 56.2810051263
1132.45134983 991.112711717 12.6762265938 1.38034715362 56.0920788084
1131.81627157 994.76716236 12.6496669334 1.38353123658 55.8882828216
1131.19962658 998.531179524 12.5612208252 1.38487082002 55.6768499961
1130.59541784 1002.41361751 12.4220123935 1.38513956569 55.4607269415
1129.98040294 1006.41582553 12.2536449709 1.38455495642 55.2399568821
1129.32816621 1010.54128954 12.0580827654 1.38259218214 55.0127073257
1128.63043771 1014.79758592 11.8173147509 1.37826790479 54.776092203
1127.90075988 1019.1977003 11.5306169704 1.37113762259 54.5270272497
1127.15365826 1023.77104718 11.2455196836 1.3626959435 54.2631546261
1126.38613366 1028.57254246 11.0363165044 1.35651961219 53.9836107796
1125.58892494 1033.66702858 10.9429829837 1.35585267903 53.6893270573
1124.77654764 1039.09193565 10.9334768863 1.36044241176 53.3827300168
1123.99785278 1044.82610344 10.9285046072 1.3663359791 53.0670161327
1123.30771083 1050.7794001 10.8618218849 1.36920071893 52.7453821477
1122.72340856 1056.79498717 10.7217686976 1.36755712522 52.4205712792
1122.21036891 1062.66649733 10.547702872 1.36289638458 52.094912704
1121.71354468 1068.18456034 10.393985421 1.35742686881 51.770835999
1121.19839088 1073.20007308 10.2942824265 1.35199741047 51.4517012859
1120.65809291 1077.66664535 10.2511624281 1.34584757937 51.142654926
1120.09436685 1081.63976931 10.248600033 1.33795694013 50.8510702161
1119.50791731 1085.2394095 10.2682882372 1.32838172305 50.5860799006
1118.90611123 1088.59862889 10.2994620025 1.31803448816 50.3569616373
1118.3048738 1091.82306626 10.3434727899 1.30711899196 50.1707415556
1117.71440659 1094.97331404 10.4120625759 1.29453312476 50.0300056817
1117.12700133 1098.06347153 10.5149790885 1.27947886981 49.932024964
1116.52375326 1101.0701184 10.644247451 1.26276830136 49.8696803261
1115.8895798 1103.95405944 10.7759534609 1.24449027224 49.8337126288
1115.21558235 1106.68692181 10.8958511823 1.22057680091 49.8152368857
1114.4895391 1109.26396599 11.0223356604 1.18400555074 49.8076473582
1113.6952989 1111.69601166 11.1970578364 1.1303943817 49.8077560401
1112.82551135 1113.99037901 11.4503691802 1.06127743368 49.8166430772
1111.88749119 1116.13436761 11.7732140114 0.981910176257 49.8407693039
1110.88981425 1118.09093357 12.1197208545 0.896704980753 49.8933119062
1109.82420095 1119.80994528 12.4426136149 0.807250236416 49.9947631961
1108.66243945 1121.24804885 12.7366242372 0.716633518647 50.1712768559
1107.37405724 1122.38907569 13.0496854399 0.63569387922 50.4498177491
1105.95156392 1123.2656546 13.4436148375 0.580638601218 50.8509941751
1104.42139335 1123.97231479 13.9314348758 0.561208156776 51.3824572168
1102.82982081 1124.6466659 14.4483137532 0.571840687376 52.0362223927
1101.21440295 1125.41741275 14.8911627624 0.595016051849 52.7914221365
1099.58192194 1126.3555657 15.1910376807 0.611513823432 53.6210235462
1097.90233111 1127.46466374 15.3461537738 0.609324936794 54.4992013758
1096.12015621 1128.71018586 15.393168778 0.587704158681 55.4066000529
1094.18307042 1130.06105919 15.3600315731 0.555217457466 56.3328737283
1092.07060643 1131.51237681 15.2485144096 0.523916836836 57.2777852094
1089.7990868 1133.08066057 15.0481060485 0.504935777524 58.2524499987
1087.40279008 1134.79026798 14.7447875708 0.504470580477 59.2810037574
1084.9098776 1136.66029148 14.3124862208 0.515880047533 60.4010458164
1082.32159034 1138.67878954 13.7278625085 0.51595219248 61.6601566066
1079.60628492 1140.77507525 13.024690416 0.48016768991 63.1068997286
1076.73036351 1142.83227327 12.3167597659 0.408145130112 64.7779990311
1073.70828022 1144.7456598 11.7339802019 0.327545978698 66.6868031066
1070.60754334 1146.47613176 11.3382673301 0.268529097815 68.8187758946
1067.49527641 1148.0539378 11.1099996416 0.239169905582 71.1364188918
1064.39072646 1149.53808668 10.9946122059 0.227041288915 73.5908925642
1061.27260061 1150.97302869 10.9445145802 0.217730993304 76.1344160598
1058.12276022 1152.37742729 10.9298859366 0.207714540079 78.7282267072
1054.95836603 1153.76137066 10.9350999185 0.203152666627 81.3441686658
1051.82771752 1155.14072653 10.9584332592 0.21062617144 83.9611058311
1048.78115488 1156.53059864 11.0104569101 0.230187282482 86.5587764112
1045.84438683 1157.9329303 11.0958589984 0.255673962829 89.111814462
1043.00919969 1159.34116697 11.1933868271 0.279055303511 91.5864412634
1040.24114544 1160.75701982 11.268667698 0.294476708772 93.9418931003
1037.50112611 1162.19305619 11.308668976 0.301034405297 96.1372611763
1034.76673302 1163.65324616 11.3243830727 0.302449124829 98.1418179533
1032.03059513 1165.11957615 11.3193604383 0.302076800873 99.9443873497
1029.27707026 1166.56870269 11.2777244491 0.298198912356 101.557012314
1026.46602452 1167.99750066 11.1891103896 0.285353990267 103.010921699
1023.53726959 1169.42291694 11.0663681924 0.258809318028 104.346904007
1020.41856315 1170.85899714 10.9306368485 0.216001248266 105.604717043
1017.0259073 1172.29934116 10.792699066 0.156037246983 106.815537393
1013.26931477 1173.71722099 10.6592810795 0.0813789185857 107.998693516
1009.07805166 1175.07716419 10.5504581495 0.000101930397959 109.161364091
1004.43791015 1176.35256788 10.4990934092 -0.0757447708433 110.299165004
999.41503508 1177.54342568 10.5295859642 -0.135541240649 111.396591715
994.142387073 1178.6809618 10.63987692 -0.174876419038 112.427998103
988.772788237 1179.80924519 10.7994264078 -0.196034701676 113.360792936
983.431538183 1180.9514959 10.9549831433 -0.204511223832 114.161901744
978.196702759 1182.08598326 11.0437349463 -0.204837151807 114.806430001
973.105934629 1183.15546195 11.0232894009 -0.198934788141 115.285294161
968.173097154 1184.10583171 10.9000756934 -0.187872277931 115.608208821
963.401289647 1184.91684565 10.7237801927 -0.175007295311 115.800505938
958.787078474 1185.59604128 10.5543754669 -0.166513591319 115.895477801
954.317105151 1186.15371094 10.4356235416 -0.167418263285 115.925976208
949.960402705 1186.59735904 10.383966843 -0.17712739624 115.918617053
945.661591854 1186.94658422 10.3840360838 -0.190059781304 115.891855312
941.343246484 1187.23430404 10.3965851935 -0.200629344733 115.85713782
936.919754616 1187.48442423 10.3852737688 -0.206785026925 115.82145481
932.314397833 1187.6975571 10.3422520053 -0.209467001743 115.789840051
927.472621487 1187.86708855 10.28664577 -0.210360304055 115.767019863
922.370069965 1188.0054057 10.241165474 -0.210590363038 115.757959367
917.0107865 1188.14802175 10.2146275128 -0.210637577883 115.767419138
911.415092291 1188.3323445 10.2030749261 -0.210644568862 115.798925987
905.610884339 1188.57556402 10.1992432058 -0.210644693469 115.853767463
899.639459238 1188.87318393 10.1982933802 -0.210644695689 115.930589325
893.565654383 1189.21332409 10.198288026 -0.210644695729 116.025839192
887.474180544 1189.5840156 10.1992117082 -0.21064469573 116.134831345
881.451529377 1189.96546033 10.2029590263 -0.21064469573 116.252910796
875.569929397 1190.32474445 10.2143088481 -0.21064469573 116.376236041
869.881458421 1190.62937038 10.2405032234 -0.21064469573 116.501980739
864.413243398 1190.87083093 10.2856125462 -0.21064469573 116.628043012
859.1587398 1191.07278968 10.3408520104 -0.21064469573 116.752499055
854.07321515 1191.27078686 10.3822658613 -0.21064469573 116.873059381
849.078943203 1191.48135296 10.3859994896 -0.21064469573 116.986760377
844.077831189 1191.69368989 10.349620761 -0.21064469573 117.090071265
838.971922236 1191.89382937 10.2945691474 -0.21064469573 117.17946792
833.689992224 1192.09266739 10.2465187242 -0.21064469573 117.252304713
828.206758677 1192.32443259 10.2172130052 -0.21064469573 117.307608446
822.542573152 1192.61760185 10.2040021249 -0.21064469573 117.346394986
816.747150082 1192.97045697 10.1994951865 -0.21064469573 117.371337444
810.879882006 1193.35537459 10.1983178569 -0.21064469573 117.385958922
804.996253745 1193.74444254 10.1980775189 -0.21064469573 117.393743355
799.140570405 1194.12922481 10.1980390272 -0.21064469573 117.397521741
793.33862043 1194.51542144 10.1980390272 -0.21064469573 117.39927238
787.590250146 1194.89899468 10.1980390272 -0.21064469573 117.400254788
781.873971856 1195.24884928 10.1980390272 -0.21064469573 117.401299524
776.167167234 1195.51345696 10.1980390272 -0.21064469573 117.403094522
770.4608407 1195.64681957 10.1980390272 -0.21064469573 117.406370469
764.750328884 1195.63610834 10.1980390272 -0.21064469573 117.41194246
759.018572091 1195.51361426 10.1980520551 -0.21064469573 117.420611135
753.240140373 1195.34353739 10.198189712 -0.21064469573 117.432976515
747.402071481 1195.18960344 10.198952968 -0.21064469573 117.449260147
741.51510189 1195.08641226 10.2023174473 -0.210641697043 117.469232006
735.607966776 1195.03613353 10.2142428572 -0.210608168598 117.492281561
729.720675666 1195.02824916 10.247757858 -0.210420567136 117.517585825
723.906207511 1195.0609039 10.3241345828 -0.209583526823 117.544262565
718.230414715 1195.14543481 10.4700839031 -0.206637406106 117.571381388
712.758206293 1195.28850825 10.717309996 -0.198467757751 117.597726556
707.531383669 1195.46658131 11.1100897402 -0.180646639212 117.621249079
702.556662545 1195.62911124 11.7019348351 -0.15013181209 117.638241483
697.813113698 1195.7507272 12.5112483889 -0.109085977625 117.642466705
693.26990281 1195.88543631 13.4618854424 -0.0653664744211 117.624738444
688.898512099 1196.14789425 14.3901185045 -0.0273436749227 117.573577094
684.671094386 1196.62806227 15.1408465356 0.00178161230723 117.477271449
680.550761502 1197.3306014 15.663907733 0.0232702944496 117.32691513
676.487403627 1198.19365779 16.0173988089 0.0374800743503 117.119185791
672.426288025 1199.14778408 16.2870768358 0.0421280701726 116.857474269
668.325577362 1200.15494513 16.5067402421 0.0365176831244 116.550747921
664.173492227 1201.21007468 16.648381661 0.0248399140914 116.21076287
659.990361822 1202.31823557 16.6759060726 0.0136566762261 115.849026526
655.809359696 1203.46527603 16.6015718936 0.00750254671091 115.474759529
651.654115111 1204.60571586 16.4938042342 0.00798385745623 115.094306481
647.537165579 1205.68513363 16.4338952163 0.0153561946911 114.711678519
643.473411305 1206.67868351 16.4626043791 0.0287978363679 114.329601504
639.484543445 1207.6055382 16.5626037602 0.0455150461002 113.950531684
635.591827127 1208.50628728 16.6866071715 0.0619324063038 113.577305376
631.81409728 1209.40790131 16.7975436413 0.076224368977 113.213248025
628.177201294 1210.29973305 16.8851883817 0.0872822872686 112.861717927
624.721179632 1211.13023434 16.9554124436 0.0911231437931 112.525274473
621.491459756 1211.82984051 17.0132506987 0.0822264522545 112.204876054
618.519147287 1212.34756942 17.0605006606 0.0594820741653 111.899547279
615.807224707 1212.67150013 17.104548107 0.0267486288708 111.606710585
613.331210507 1212.81706024 17.1606339858 -0.0140997322983 111.322990483
611.049985408 1212.79515324 17.248565335 -0.0667960044272 111.045015381
608.914781357 1212.58728658 17.4018409603 -0.134729127712 110.769774594
606.871973221 1212.15191704 17.6767227281 -0.215620815995 110.494063506
604.878389856 1211.46102222 18.1220990355 -0.308902108371 110.212660433
602.937178703 1210.53161226 18.7144821858 -0.426720583455 109.915301375
601.109060416 1209.41311478 19.3173586877 -0.58547938893 109.584404126
599.454231191 1208.14067914 19.7080426616 -0.778568941246 109.197696034
597.95674908 1206.71490947 19.6703753311 -0.965023499771 108.737639389
596.53664868 1205.13852723 19.124546252 -1.0961240522 108.201378576
595.14956955 1203.45309486 18.2095996569 -1.15394653102 107.601150518
593.848396693 1201.70715755 17.2198046509 -1.15988979962 106.954631704
592.731135546 1199.88652339 16.4312900236 -1.14820262376 106.275739792
591.843220663 1197.90147323 15.9784918167 -1.13741055489 105.573110235
591.134128719 1195.65704222 15.8509955707 -1.12669046877 104.852921507
590.490995076 1193.12985494 15.9471522237 -1.11137880381 104.120333671
589.808334438 1190.37559536 16.1380818522 -1.09474558469 103.378486543
589.041465671 1187.47755283 16.3384496952 -1.08509196851 102.626735791
588.211227989 1184.4988985 16.5437626931 -1.08692479619 101.85909381
587.364295215 1181.47441067 16.793821346 -1.0979059578 101.063033711
586.519846621 1178.427215 17.102297729 -1.11113771297 100.219281112
585.636115173 1175.37948974 17.4304727289 -1.11594504734 99.3036542367
584.616087451 1172.35320178 17.7248686806 -1.09759650192 98.2916326683
583.34407023 1169.38574395 17.9644048733 -1.04278721987 97.1647470193
581.719767929 1166.56448091 18.1523819461 -0.950236190169 95.9162772197
579.665880579 1164.03693913 18.2547463041 -0.833590617511 94.5534812511
577.123144591 1161.96467139 18.1535156476 -0.709984920148 93.095191681
574.063081308 1160.44924481 17.6819493928 -0.587780806798 91.5660922881
570.51968457 1159.47539348 16.7466893 -0.469840195564 89.9905512903
566.602909463 1158.88571019 15.4711633961 -0.364476137313 88.3886029576
562.461822745 1158.40125147 14.2329952499 -0.283204226017 86.7751124351
558.218136041 1157.7180158 13.4946444582 -0.22659566271 85.1616131625
553.92978705 1156.6579501 13.5051080838 -0.181074243378 83.559528224
549.612750698 1155.26776998 14.1218493249 -0.133670932944 81.9833349351
545.285850186 1153.77054507 14.9215295877 -0.0848879562299 80.4522788934
540.990583052 1152.40445055 15.4957913656 -0.0443661100026 78.9894749202
536.77776786 1151.28826776 15.6769349225 -0.0186054086722 77.6180278143
532.684529815 1150.41077098 15.5528272458 -0.00615082705198 76.355255676
528.721009255 1149.70947137 15.3330571366 -0.00157720601553 75.2074726373
524.867145315 1149.14113856 15.20243022 -0.000287658498714 74.1679399673
521.075550362 1148.69637601 15.2393084151 8.68510453452e-05 73.219086604
517.283017605 1148.37810879 15.4095132048 0.000670095678907 72.3378495219
513.427762064 1148.179403 15.617951589 0.00276225791062 71.5015766404
509.455641313 1148.07833894 15.7805137229 0.00893644795445 70.6922298149
505.309655615 1148.04982053 15.8677881384 0.0227704695201 69.8981062083
500.925267265 1148.08123877 15.8958332387 0.0457481306746 69.1137218132
496.252727736 1148.17587365 15.8777547138 0.0725776931469 68.3390061132
491.289804887 1148.33914487 15.7780023077 0.0910347542683 67.5785357151
486.087437699 1148.56022481 15.5211157019 0.0903466523337 66.8407561061
480.720570349 1148.80692423 15.0702111813 0.0708827278672 66.1366416609
475.256861836 1149.03690332 14.5104356297 0.0434275271128 65.477388099
469.752675517 1149.21129182 14.0389364765 0.0184102521396 64.8714375093
464.26767738 1149.29939108 13.8468202062 -0.00309948589783 64.321883806
458.867376426 1149.27535245 13.9972500032 -0.0293399213944 63.8254541931
453.600286967 1149.11113057 14.408326833 -0.0709244999833 63.3735784266
448.468794657 1148.77062229 14.9372667485 -0.132247195988 62.9549903782
443.425616022 1148.2130604 15.4772794577 -0.207020365745 62.5586314421
438.406390945 1147.40693028 15.9992324671 -0.282093002298 62.1757708805
433.373367305 1146.3394767 16.5326660744 -0.345736418375 61.8009832039
428.337911106 1145.009681 17.1163582383 -0.391931573101 61.4323179527
423.359550816 1143.42044887 17.7544802146 -0.420201418108 61.0712162998
418.534727058 1141.59129635 18.4032214221 -0.436305208064 60.7224462403
413.970954572 1139.57732954 18.9946658015 -0.452399434855 60.3938435126
409.742961283 1137.46025716 19.4859312645 -0.482022943558 60.0953577311
405.859460325 1135.30925448 19.8959256274 -0.532651523946 59.8370940336
402.275400579 1133.15020062 20.287433812 -0.602603399505 59.6266754081
398.938679873 1130.97407605 20.7007412756 -0.684068663105 59.4669085665
395.820914329 1128.76902929 21.1016038591 -0.768512710005 59.3548566254
392.902069854 1126.53546418 21.3965703401 -0.849168196236 59.2827913666
390.137835584 1124.27098681 21.5018319188 -0.919101414729 59.2405128415
387.460225765 1121.9554104 21.4019059112 -0.9695802955 59.2178827696
384.814037604 1119.56455661 21.1521576465 -0.993298542434 59.2065079552
382.186907687 1117.09584985 20.8398535819 -0.989885946071 59.2001232726
379.611782323 1114.57272399 20.5415463823 -0.968832078883 59.193855203
377.157561385 1112.02914045 20.2893189028 -0.948347144745 59.1828820511
374.913888222 1109.49455393 20.0560638051 -0.949642869716 59.1610892667
372.951275219 1106.97539111 19.7812136798 -0.985071018997 59.1203163041
371.264044257 1104.43327708 19.4200388826 -1.04636623107 59.0507087115
369.756447552 1101.79748446 18.9659374839 -1.10889163977 58.9423589581
368.312696295 1099.02281084 18.4405696743 -1.15582205821 58.7877925125
366.895179452 1096.12941333 17.8849143205 -1.19814944298 58.5842420587
365.570120255 1093.17273494 17.3454316924 -1.26434510274 58.3345629877
364.439820376 1090.18309996 16.8381567457 -1.36865968449 58.0462915543
363.562381122 1087.14445537 16.3341068002 -1.49408898611 57.7293427107
362.932204147 1084.02074751 15.8061602711 -1.60749305278 57.3934823884
362.511478065 1080.79161835 15.2894270615 -1.68691142008 57.0465972432
362.261881796 1077.46827006 14.8809829113 -1.73316037681 56.6941459333
362.155678976 1074.08615792 14.6807492234 -1.76176993817 56.3395474373
362.178385367 1070.6830961 14.7274583789 -1.78890090589 55.9849948903
362.330467542 1067.27591293 14.9631019604 -1.82132783542 55.6322511159
362.622304281 1063.84906957 15.2429644216 -1.8533129629 55.2831662971
363.063676983 1060.36674659 15.4130127743 -1.87280460697 54.9398101253
363.655844155 1056.80150457 15.4221030489 -1.87391706801 54.6042286466
364.387463566 1053.1536023 15.3651192653 -1.8640424299 54.2779644059
365.232887998 1049.4402863 15.3996861876 -1.85730446097 53.9615919335
366.157631802 1045.66252616 15.6154806398 -1.8609462114 53.6545278842
367.132161982 1041.78133265 15.977354171 -1.86838431601 53.3552309136
368.144681282 1037.73970671 16.3738880843 -1.86638849449 53.0616931072
369.202485774 1033.52330105 16.7060929387 -1.8494402193 52.7719968215
370.318052531 1029.19408665 16.9364814255 -1.82488733564 52.4847548382
371.486782147 1024.85652755 17.0778817726 -1.80352822141 52.1994140474
372.676010878 1020.60368329 17.1589265917 -1.78991680004 51.9165450523
373.841410853 1016.49701865 17.2010240965 -1.78472100506 51.6382433016
374.958760251 1012.56313502 17.2098249502 -1.79156681098 51.368597759
376.041735887 1008.77710797 17.1754000016 -1.81514359011 51.1139194601
377.134553418 1005.04882123 17.0845360794 -1.85294481752 50.8822626921
378.29105797 1001.23558433 16.9424108659 -1.89376729611 50.6819479156
379.553581175 997.176882186 16.783295364 -1.92708219639 50.5193547183
380.939023292 992.738745536 16.651028839 -1.95127065165 50.3968753373
382.43722644 987.857643273 16.5666906671 -1.97019875471 50.3120724071
384.021867916 982.563428369 16.5206176617 -1.98464933184 50.2585104724
385.668353148 976.963015866 16.4935480587 -1.9911138678 50.2277848047
387.366844476 971.195268261 16.4741459473 -1.98703000632 50.2116544981
389.115961908 965.390292438 16.4532643381 -1.97288604909 50.2032880531
390.901376201 959.650093687 16.4142427083 -1.94962659488 50.1972103007
392.687349192 954.040337873 16.3432289992 -1.91802176853 50.1880969604
394.433935728 948.589044925 16.251248242 -1.88210278582 50.1688747293
396.115318848 943.30237872 16.174826068 -1.85101021859 50.1288011119
397.716589875 938.188609071 16.1487999846 -1.83631192977 50.0524630975
399.226137856 933.253872031 16.1820212939 -1.84686687774 49.9207264408
400.650161058 928.463060901 16.2570261881 -1.88297730708 49.7141271731
402.03157568 923.715711619 16.338544938 -1.93187642216 49.4179180401
403.434403881 918.88229421 16.3839609495 -1.97105211857 49.0266674064
404.899706297 913.875983633 16.3663175094 -1.98189622221 48.5460854206
406.422524708 908.691733237 16.293365858 -1.96275175433 47.9910904415
407.973025915 903.386697117 16.1991523153 -1.92942410476 47.3811867762
409.527920421 898.039871876 16.1227270897 -1.90360333061 46.735513769
411.07072458 892.730411106 16.0920692763 -1.89763455839 46.0696654518
412.563637469 887.540724203 16.1057389919 -1.90592199716 45.3950789147
413.929408171 882.570461519 16.1209849764 -1.91080203434 44.7205379891
415.071545748 877.93050894 16.0776060719 -1.89764941481 44.0547495684
415.920794734 873.696097355 15.9506799335 -1.86327757278 43.4088678403
416.469273166 869.857853544 15.7840344436 -1.81207577034 42.7978848696
416.765789957 866.3245388 15.6702979291 -1.74930246216 42.2399602541
416.877778734 862.965945011 15.6959835717 -1.67930762334 41.7533649065
416.847702259 859.652433185 15.8964804518 -1.60602724909 41.3518722142
416.67226423 856.290561838 16.248143857 -1.53241102049 41.0405614406
416.313813207 852.858684903 16.6906918868 -1.45985922167 40.8141492458
415.727062444 849.404493928 17.1596060899 -1.38804021829 40.658750909
414.870258937 845.992030217 17.6073429183 -1.3131854395 40.5561363632
413.691637556 842.661461252 17.9989400348 -1.22710428858 40.4883935116
412.122929001 839.452261494 18.2958038975 -1.12181393057 40.4411458561
410.113626143 836.446321038 18.4655460022 -0.997695701234 40.4046625646
407.684293898 833.75518317 18.5223443108 -0.866575474433 40.3733473652
404.936992577 831.447251355 18.5425676124 -0.745072459099 40.3445440782
402.002017784 829.487045292 18.6154374824 -0.644808861177 40.3173909234
398.971339868 827.74726262 18.7706696622 -0.569975360566 40.2920126521
395.876492422 826.077233899 18.9570309839 -0.521421310601 40.2690120917
392.713644164 824.366898386 19.089637784 -0.496925177118 40.2491191915
389.475812724 822.569590648 19.1203906478 -0.486877991013 40.2329093536
386.161818244 820.689127434 19.0733337835 -0.476999731214 40.2205965662
382.770051641 818.752704732 19.0178379063 -0.459933656967 40.2119513963
379.301425608 816.788516761 19.0074870907 -0.44129337485 40.2063609578
375.773882414 814.817376121 19.0456994652 -0.431866889175 40.2029680755
372.232826684 812.856972513 19.102551839 -0.436388667893 40.2007517417
368.752922102 810.930512484 19.1475648133 -0.451755114606 40.198368428
365.432210241 809.071039965 19.1637589817 -0.473668164585 40.1935653264
362.368894867 807.3170639 19.1489068303 -0.50124860038 40.1820285627
359.624864713 805.702976749 19.1182283082 -0.534778191281 40.1557303416
357.204029888 804.250456556 19.1017682342 -0.572197008793 40.1012649322
355.054408636 802.958886216 19.1242245866 -0.609453899494 39.9991893145
353.071833482 801.792119468 19.1762280316 -0.641337834098 39.8255732057
351.105931766 800.675868585 19.210350768 -0.659623023044 39.5563077305
348.999272509 799.523866562 19.1827273808 -0.654117893891 39.1732208835
346.652488533 798.280472182 19.103486761 -0.620802664653 38.6695649531
344.062193539 796.942995999 19.034082409 -0.569584186278 38.0522167326
341.305906939 795.546733515 19.0319771807 -0.522171997436 37.3394455062
338.494515107 794.130628635 19.1048684921 -0.50033399053 36.5554326687
335.716466599 792.71099155 19.2109937132 -0.5117617991 35.7242420349
332.996863805 791.2797377 19.2885383696 -0.543290389028 34.865731706
330.300193071 789.826214566 19.2893364252 -0.569616932977 33.9944476938
327.572371759 788.358663995 19.2040444496 -0.572609309683 33.1210436422
324.775784287 786.897391205 19.0653865908 -0.552884739714 32.2550079289
321.890298897 785.445721907 18.9246042749 -0.523571049686 31.4073881251
318.903420955 783.974919603 18.8198349313 -0.496879186871 30.5923654827
315.814634647 782.440643224 18.7595090535 -0.477957526947 29.8268135083
312.645686506 780.813367815 18.7256815007 -0.46747883986 29.1275977164
309.440433404 779.099990158 18.6908239675 -0.465895414481 28.5074235984
306.253396411 777.346072926 18.6391316546 -0.474601243145 27.9710308114
303.135902115 775.617161878 18.5800171362 -0.4943548463 27.5136527706
300.131269489 773.969103806 18.5437508172 -0.523342373499 27.1225798196
297.282903685 772.426833508 18.5601569978 -0.555589861287 26.7810226645
294.637172694 770.983737144 18.6321593507 -0.580274049756 26.4724206971
292.219183096 769.617781317 18.722920438 -0.585484611132 26.1835253281
289.997127085 768.312100567 18.7741890088 -0.56715046199 25.905658425
287.882496768 767.064809544 18.7482256022 -0.534544252408 25.6345991964
285.780137532 765.878057888 18.6541545645 -0.504213456128 25.369946339
283.637138033 764.736105251 18.532612777 -0.488047522642 25.1145174945
281.439491443 763.59697935 18.4202254079 -0.487674524109 24.8737888954
279.173910787 762.408354776 18.3316001562 -0.497325855062 24.6550003711
276.80786909 761.133381432 18.2659271804 -0.508640733543 24.4656202753
274.305127307 759.76399827 18.2188996097 -0.514660602345 24.3113403534
271.653491943 758.313064273 18.1884569382 -0.514159826021 24.1942997302
268.879012784 756.798497279 18.1774880185 -0.513709220824 24.1123639034
266.034100358 755.237642415 18.1908101842 -0.523822694526 24.0598254477
263.167409218 753.652509839 18.2193550525 -0.551653732654 24.0291471
260.303900379 752.069061606 18.2291695917 -0.596176324903 24.0128803192
257.45054577 750.504103641 18.1784638137 -0.647886419861 24.0049703934
254.60582051 748.953551527 18.0487598943 -0.691517977698 24.0011399876
251.756246617 747.396769632 17.8581337461 -0.711773006982 23.9985222735
248.876430352 745.812467455 17.6495007526 -0.701727521128 23.9949312517
245.942828052 744.190122908 17.461291735 -0.668150974616 23.9881363049
242.938933222 742.526594489 17.292526615 -0.625797741218 23.9754091363
239.846627165 740.817474277 17.0992150561 -0.585383391546 23.9535164654
236.655741904 739.062110736 16.8414305335 -0.550863986452 23.9192012676
233.392358988 737.279529861 16.532127307 -0.527709709025 23.869987668
230.118150563 735.508328069 16.2350962414 -0.526000418105 23.8049406656
226.887517899 733.779800289 16.0265276492 -0.55111997556 23.7249806162
223.711556415 732.091121325 15.9574392385 -0.594653337207 23.63257422
220.569939231 730.410852198 16.0358283039 -0.639712708964 23.5309686963
217.452613477 728.712473185 16.2342957376 -0.676707960246 23.4233587292
214.378644748 726.998485185 16.5069414269 -0.709953594464 23.3123401096
211.370118959 725.29011257 16.7973467048 -0.746807342818 23.1997890465
208.419302598 723.601685786 17.0481480713 -0.785846646556 23.0870959127
205.493658803 721.930912661 17.2251637407 -0.820023241526 22.975584849
202.561680222 720.266657005 17.3262863457 -0.845816467284 22.8669401238
199.594795575 718.59575519 17.3510118146 -0.86167511239 22.7634651732
196.557054142 716.908265358 17.2744061239 -0.859827196502 22.6680131392
193.423481119 715.208889401 17.0775047821 -0.827259031005 22.5835131166
190.219811111 713.528306283 16.8028364909 -0.7590559525 22.5122106586
187.036311654 711.915735284 16.5592129431 -0.671433854007 22.454952784
183.994782515 710.405556765 16.4590149852 -0.599424267857 22.4108953453
181.194512976 708.982864795 16.5478183403 -0.575594710577 22.3778041785
178.679001665 707.586730921 16.7929466262 -0.606297508605 22.3527952065
176.440731134 706.151987887 17.131000384 -0.669993688161 22.3331702736
174.445642521 704.648735562 17.5127369814 -0.74059700724 22.317091772
172.659325459 703.090456823 17.9040510233 -0.809468072947 22.3041005235
171.071726134 701.516240857 18.2675247488 -0.883433055831 22.2956887864
169.703893282 699.966348591 18.5597813566 -0.967647512723 22.2961065631
168.582980999 698.468360302 18.7443600893 -1.05687971627 22.3132598103
167.711916386 697.035050317 18.8080371367 -1.14269489605 22.359102805
167.0673798 695.657727747 18.7707296436 -1.22465027403 22.448687509
166.621368506 694.289419953 18.6784750135 -1.3127243508 22.5974032051
166.360692621 692.84528028 18.5823853946 -1.41912205769 22.8169581676
166.295191389 691.241986482 18.5175841956 -1.54680301239 23.1117228895
166.461115244 689.449513559 18.4818790583 -1.68528246461 23.4772591464
166.913934759 687.50818493 18.4179963199 -1.8177247456 23.9018215983
167.697103662 685.501559688 18.2292553725 -1.93156914659 24.3699978721
168.799086997 683.513414192 17.8392239022 -2.02201483884 24.8666267084
170.141671586 681.595850674 17.2469277487 -2.08897985145 25.3793279718
171.622582074 679.755937562 16.5272051436 -2.13609562136 25.8990005878
173.175042036 677.959848371 15.7853021561 -2.17296244184 26.4186365986
174.79186191 676.155248737 15.1073385485 -2.21367965035 26.9312730366
176.514446635 674.301049337 14.5338937574 -2.27028982317 27.4279759268
178.418105583 672.38053883 14.0671622916 -2.34652162645 27.8967226353
180.59391421 670.387187421 13.7050542256 -2.4358541196 28.3229300896
183.111992525 668.301554002 13.4689709168 -2.52576216604 28.6918974958
185.986076978 666.089444298 13.3953647724 -2.60701229371 28.9925046018
189.173145093 663.730363226 13.4987699837 -2.67966397358 29.2205940385
192.604019103 661.250451294 13.7398888874 -2.74811005003 29.3803343231
196.208506235 658.720661998 14.0277684325 -2.81105362822 29.4828230805
199.917117436 656.214448474 14.2618895181 -2.85965558366 29.5426563994
203.65759023 653.763647497 14.3864058191 -2.88587064012 29.5741072061
207.368412476 651.351173551 14.4113207995 -2.89064279174 29.5883468441
211.023282295 648.937618382 14.3853160165 -2.8838692116 29.5921562861
214.642011746 646.48852995 14.3526323835 -2.87791825612 29.5876474643
218.275324675 643.979898588 14.3331918402 -2.88085251438 29.5722524758
221.974294339 641.390749028 14.3309206384 -2.89361475896 29.5386609343
225.766052604 638.70357255 14.3511196266 -2.91175999546 29.4750751923
229.651006277 635.915403894 14.4106916708 -2.92994363456 29.3665499253
233.617061857 633.044886302 14.5337512864 -2.94516936872 29.1978800341
237.648730403 630.126714263 14.731235925 -2.95528638328 28.9575439639
241.71585977 627.201474325 14.9783014089 -2.95413045491 28.6412196084
245.758238089 624.308332991 15.2163674477 -2.93037857833 28.2532047407
249.701902235 621.474166304 15.3867347986 -2.87601299288 27.805017538
253.50924103 618.696654497 15.4646949952 -2.79801521823 27.311933947
257.207725551 615.942746923 15.4592962669 -2.71716441523 26.7891894364
260.853124595 613.181914583 15.3843014764 -2.65077803203 26.2494479472
264.468370586 610.426148408 15.2384123389 -2.60004290593 25.7022258958
268.033325517 607.725519522 15.0205436119 -2.5585780824 25.1550074558
271.525143792 605.121173748 14.7624230609 -2.527436447 24.6152718267
274.945715599 602.611269489 14.5341731931 -2.51390365756 24.0925176658
278.309281382 600.160946134 14.4061665169 -2.51924772506 23.5993734636
281.62120607 597.734000172 14.3988929997 -2.53662545391 23.1510234363
284.875968095 595.315566485 14.4677804992 -2.56144990574 22.7626927533
288.065481187 592.919035094 14.5443076205 -2.59557144278 22.4458771285
291.178540887 590.578851777 14.6006876852 -2.63736403713 22.204903034
294.196089701 588.327229012 14.6682772723 -2.67444355305 22.0355255599
297.100948728 586.166833728 14.7862330685 -2.69255194592 21.9263115478
299.901764377 584.064276609 14.9433948898 -2.68960286248 21.8620865872
302.644508399 581.971574733 15.0795351303 -2.67714896629 21.8277674374
305.387658334 579.856686271 15.1314380951 -2.66802370242 21.8110358315
308.159226172 577.716931966 15.0675272565 -2.6652297627 21.8032350873
310.944364441 575.563887725 14.8922950551 -2.66450373438 21.7988152305
313.716823997 573.399392003 14.6379364285 -2.66450484497 21.794086524
316.470356978 571.217777327 14.3524029825 -2.66875649673 21.7859761704
319.216118804 569.031261957 14.0833730509 -2.67800890228 21.7712208648
321.969041563 566.868777166 13.8700019851 -2.68783354834 21.7461876353
324.754771049 564.731750501 13.7507843016 -2.69660938039 21.7073102353
327.622791657 562.565497681 13.7647898232 -2.71067473477 21.6519077324
330.634592993 560.29485149 13.9244385395 -2.73765393687 21.5789676174
333.833284851 557.884718898 14.1857953036 -2.7771946314 21.489469783
337.227628513 555.356408137 14.4600462862 -2.82101825859 21.386064921
340.800290055 552.754704514 14.6619436532 -2.85990952159 21.2722715469
344.521057773 550.111791848 14.7522856448 -2.88804842396 21.1515832826
348.352175392 547.434625236 14.7510893405 -2.90305083562 21.026847188
352.251611093 544.711859991 14.7221482362 -2.90621451966 20.9000565944
356.178297542 541.933268069 14.7315862152 -2.90282021759 20.7724809123
360.093704745 539.111806718 14.8000528289 -2.89876303049 20.6449547666
363.958622501 536.290675661 14.8907896792 -2.89534254882 20.5181658896
367.733021872 533.528371054 14.9492073795 -2.88872187865 20.3928431343
371.383056324 530.875222007 14.9541178942 -2.87498811585 20.2698009861
374.888779759 528.35857156 14.9292684595 -2.85435273142 20.1498428116
378.246696864 525.979411818 14.9104760801 -2.83054129743 20.0335751598
381.470805469 523.711399794 14.9069814076 -2.80829390182 19.9212287082
384.594743563 521.501438104 14.8934722417 -2.79191506374 19.8125845497
387.670243008 519.282047343 14.8421320375 -2.78452554697 19.7070521203
390.758289225 516.996201373 14.7689672979 -2.78738005155 19.603869372
393.915342277 514.617009399 14.7457774049 -2.79947600159 19.5023567982
397.178105595 512.151005299 14.8515130476 -2.81746427483 19.4021902903
400.550735607 509.636820313 15.0974068725 -2.83600941157 19.3037408555
403.999134816 507.148011789 15.3918317755 -2.84882757569 19.2085884172
407.456602926 504.779664515 15.5820121864 -2.85055903265 19.1202624075
410.844248478 502.602842357 15.5513180481 -2.83954188596 19.0450425421
414.100731323 500.619793663 15.301655996 -2.81956769026 18.9923382469
417.200389652 498.76860787 14.9543054843 -2.79693794998 18.9739971035
420.149561239 496.971805408 14.6659658247 -2.77479616237 19.0021752537
422.981280834 495.178371168 14.5219528367 -2.7527660822 19.0861878598
425.763283059 493.370277759 14.4894660071 -2.73341032948 19.2296017104
428.592356171 491.546470972 14.4747110148 -2.72482538936 19.4290215554
431.548347192 489.711302476 14.4258733801 -2.73186605862 19.6752479085
434.640969408 487.876863988 14.3698809507 -2.74692204981 19.9561923092
437.809754267 486.061298402 14.3597321982 -2.75520005365 20.2602456774
440.980343698 484.269511309 14.416384144 -2.74942763442 20.578891138
444.119649624 482.476379366 14.5257420845 -2.73588917999 20.9078427504
447.236765883 480.644864134 14.6653989862 -2.72686131357 21.2456365339
