481.283369531 451.490216096 0.0
482.52840182 449.239794126 0.0
482.978275457 448.42817155 0.0
482.608881178 449.096169301 0.0
481.667350466 450.771405301 0.0
480.41248574 452.952575611 0.0
478.997483405 455.341419965 0.0
477.49351553 457.817355623 0.0
475.944365975 460.349169703 0.0
474.394603647 462.945651383 0.0
472.892407149 465.636725976 0.0
471.477465034 468.45736013 0.0
470.165640418 471.42384508 0.0
468.940354835 474.521858872 0.0
467.758148714 477.717060371 0.0
466.563637399 480.976990857 0.0
465.305828265 484.283725596 0.0
463.952981749 487.630341292 0.0
462.503173641 491.010018236 0.0
460.985088809 494.408276067 0.0
459.448406437 497.801607474 0.0
457.948996102 501.16142365 0.0
456.532661024 504.462634254 0.0
455.220573077 507.694163233 0.0
454.004376712 510.864425682 0.0
452.856108236 513.997004088 0.0
451.745361795 517.120367315 0.0
450.650733923 520.258690391 0.0
449.560908166 523.42620557 0.0
448.469661637 526.624261984 0.0
447.369711279 529.840966399 0.0
446.247938357 533.05357368 0.0
445.084727388 536.233711977 0.0
443.860238657 539.356131429 0.0
442.565287354 542.409197728 0.0
441.208354319 545.400553746 0.0
439.812651707 548.353192248 0.0
438.406525632 551.295568248 0.0
437.014312227 554.252887474 0.0
435.650192907 557.243574961 0.0
434.313970277 560.283224988 0.0
432.988251607 563.399081408 0.0
431.63801556 566.650475747 0.0
430.215771999 570.134456184 0.0
428.676545856 573.953595395 0.0
426.99969151 578.153968096 0.0
425.203574518 582.678048426 0.0
423.342143833 587.367703425 0.0
421.487690267 592.008084842 0.0
419.710059169 596.386811374 0.0
418.056807814 600.356681967 0.0
416.538884936 603.883866821 0.0
415.130766967 607.048612331 0.0
413.786572886 609.99262323 0.0
412.460651964 612.852986153 0.0
411.121224789 615.723521484 0.0
409.756478916 618.648338764 0.0
408.377961501 621.63219717 0.0
407.023821736 624.656153153 0.0
405.758641044 627.692684118 0.0
404.660811877 630.716412808 0.0
403.792883572 633.709193732 0.0
403.170084047 636.65912712 0.0
402.754470717 639.551441686 0.0
402.481935205 642.353838454 0.0
402.297327208 645.010006651 0.0
402.169894389 647.457560824 0.0
402.086346709 649.668225406 0.0
402.037840824 651.684560223 0.0
402.013988735 653.63007382 0.0
402.004294336 655.690853805 0.0
402.00107877 658.07204282 0.0
402.000217628 660.929746652 0.0
402.000033282 664.303924658 0.0
402.000002813 668.102258593 0.0
402.000002545 672.151705942 0.0
402.000031267 676.275096512 0.0
402.00020674 680.343492341 0.0
402.00103279 684.294569816 0.0
402.004140264 688.129698241 0.0
402.013575364 691.898918172 0.0
402.036874159 695.679611718 0.0
402.08412919 699.552995953 0.0
402.163868424 703.578269052 0.0
402.277636287 707.768352872 0.0
402.417335425 712.079689344 0.0
402.567197974 716.422499516 0.0
402.708564989 720.685399301 0.0
402.825186807 724.767627356 0.0
402.907715613 728.612759492 0.0
402.955216284 732.227102808 0.0
402.971712501 735.666726037 0.0
402.959870848 739.002240442 0.0
402.917503795 742.288977236 0.0
402.840483647 745.558890892 0.0
402.729631152 748.829299437 0.0
402.59589651 752.117163345 0.0
402.460658324 755.451569132 0.0
402.351625509 758.877990528 0.0
402.295234801 762.447500689 0.0
402.307344025 766.194795937 0.0
402.387877896 770.125161058 0.0
402.524926913 774.228874241 0.0
402.705593432 778.513559335 0.0
402.923942088 783.01986165 0.0
403.179669963 787.795913713 0.0
403.470346524 792.845983575 0.0
403.78475021 798.094607291 0.0
404.101623685 803.389833825 0.0
404.393425296 808.537939532 0.0
404.633933833 813.357187835 0.0
404.808414376 817.739398073 0.0
404.92187472 821.688500704 0.0
405.000450832 825.303052197 0.0
405.085824177 828.713895068 0.0
405.225150445 832.026449744 0.0
405.458004464 835.300168017 0.0
405.806113192 838.556202753 0.0
406.278060489 841.788673161 0.0
406.892226832 844.967711489 0.0
407.697952781 848.041104769 0.0
408.766381 850.948202118 0.0
410.148715801 853.647424601 0.0
411.837243359 856.137359572 0.0
413.766730953 858.449236139 0.0
415.853158356 860.615473421 0.0
418.032322514 862.644628606 0.0
420.270806042 864.525293983 0.0
422.554389274 866.248597812 0.0
424.874620039 867.818365614 0.0
427.225131742 869.233994691 0.0
429.604224708 870.466602787 0.0
432.015207616 871.462081969 0.0
434.461461962 872.17726761 0.0
436.940322512 872.616711555 0.0
439.440803197 872.833450213 0.0
441.945830213 872.89458951 0.0
444.436656146 872.84657074 0.0
446.89768071 872.707261272 0.0
449.319620984 872.478279342 0.0
451.697139224 872.151705552 0.0
454.019775568 871.698349456 0.0
456.263626065 871.05375589 0.0
458.395275471 870.130922644 0.0
460.390121431 868.866076185 0.0
462.251576898 867.264828148 0.0
464.014850482 865.408528062 0.0
465.733828051 863.418377005 0.0
467.462658087 861.409830025 0.0
469.240706787 859.462910566 0.0
471.082130211 857.610370664 0.0
472.971052062 855.838973081 0.0
474.863929411 854.101426119 0.0
476.698606688 852.334119641 0.0
478.410447576 850.476263279 0.0
479.954110234 848.489550312 0.0
481.318564988 846.37340906 0.0
482.518445712 844.167004855 0.0
483.564172836 841.9368691 0.0
484.438871247 839.757195289 0.0
485.107671527 837.687238727 0.0
485.550556677 835.748541582 0.0
485.781409419 833.91066543 0.0
485.830275008 832.09282614 0.0
485.70892823 830.180316201 0.0
485.399088502 828.054347172 0.0
484.876451686 825.633913 0.0
484.14482582 822.912031741 0.0
483.24636897 819.959437147 0.0
482.241961083 816.892335579 0.0
481.184424336 813.829161669 0.0
480.106064563 810.858262255 0.0
479.022020039 808.021283747 0.0
477.939226056 805.314024221 0.0
476.863625837 802.705455667 0.0
475.803621183 800.163415795 0.0
474.769478945 797.669315265 0.0
473.769563888 795.216036749 0.0
472.807019089 792.797934244 0.0
471.881436349 790.403933555 0.0
470.995467155 788.017215292 0.0
470.159650041 785.618762733 0.0
469.388498408 783.19153026 0.0
468.689591401 780.721799989 0.0
468.055924819 778.192673157 0.0
467.468908261 775.567952927 0.0
466.908199921 772.777950868 0.0
466.359298438 769.729279747 0.0
465.815174277 766.347830016 0.0
465.274937183 762.62997642 0.0
464.743561601 758.661676955 0.0
464.23327969 754.59319401 0.0
463.763272739 750.591413171 0.0
463.353704941 746.791136762 0.0
463.015679666 743.253785064 0.0
462.745536387 739.94617583 0.0
462.529731295 736.750804172 0.0
462.355880894 733.500605017 0.0
462.219571283 730.025393993 0.0
462.122782415 726.205845768 0.0
462.070060381 722.02115353 0.0
462.071550634 717.561843436 0.0
462.1534422 712.998207476 0.0
462.363106761 708.525349763 0.0
462.753814226 704.305538186 0.0
463.351376217 700.417324072 0.0
464.126386732 696.829226064 0.0
464.992228934 693.414122574 0.0
465.826242778 689.993914956 0.0
466.502420629 686.39207773 0.0
466.930788416 682.484948921 0.0
467.093271333 678.241961246 0.0
467.055063519 673.732274832 0.0
466.943209685 669.090643691 0.0
466.906592096 664.465976739 0.0
467.072273799 659.978076291 0.0
467.506252715 655.691164836 0.0
468.19448432 651.610616217 0.0
469.058545658 647.708392152 0.0
469.995008822 643.962226199 0.0
470.912091551 640.376799427 0.0
471.750638846 636.970525882 0.0
472.491754015 633.745606431 0.0
473.153099649 630.673752551 0.0
473.775310266 627.709884305 0.0
474.404994019 624.816062084 0.0
475.080894936 621.972905698 0.0
475.825755206 619.175613242 0.0
476.646947977 616.428559892 0.0
477.548513429 613.7499021 0.0
478.5477829 611.181519836 0.0
479.680267493 608.786477683 0.0
480.983679721 606.622246095 0.0
482.474863477 604.703777467 0.0
484.146867761 602.988035945 0.0
485.994690112 601.393464731 0.0
488.04308657 599.835189159 0.0
490.341414501 598.251030614 0.0
492.923855752 596.613324073 0.0
495.772337808 594.934287198 0.0
498.81705535 593.270291885 0.0
501.969459311 591.721957817 0.0
505.155783238 590.417015264 0.0
508.331324821 589.465641769 0.0
511.478865862 588.907856959 0.0
514.601156278 588.69884626 0.0
517.712510044 588.750977429 0.0
520.831176808 588.993499047 0.0
523.97273011 589.396983589 0.0
527.143180833 589.953199646 0.0
530.331121106 590.643262555 0.0
533.499427327 591.425241212 0.0
536.580427535 592.243632616 0.0
539.48518676 593.045674089 0.0
542.136544421 593.794231016 0.0
544.514396956 594.474807008 0.0
546.681516175 595.094592049 0.0
548.77167283 595.672937346 0.0
550.951589458 596.229396896 0.0
553.373566182 596.777110772 0.0
556.128423361 597.323371103 0.0
559.21848462 597.874375236 0.0
562.573338223 598.441383793 0.0
566.099573475 599.045765696 0.0
569.725477953 599.7180586 0.0
573.413737601 600.486949635 0.0
577.149869763 601.363348796 0.0
580.929527515 602.333282025 0.0
584.75678314 603.366782154 0.0
588.647415188 604.434007858 0.0
592.624994127 605.515195295 0.0
596.706797585 606.600890872 0.0
600.890363827 607.687721447 0.0
605.153156409 608.774774775 0.0
609.464824602 609.861861862 0.0
613.800259076 610.948948949 0.0
618.144402601 612.036036036 0.0
622.489321247 613.123123123 0.0
626.82833961 614.21021021 0.0
631.150670756 615.297297297 0.0
635.439058709 616.384348213 0.0
639.673198744 617.471163064 0.0
643.83838663 618.556778787 0.0
647.932493664 619.637650393 0.0
651.963315373 620.70390327 0.0
655.937396645 621.735086989 0.0
659.851489448 622.700809371 0.0
663.69644492 623.571710739 0.0
667.471069416 624.337154971 0.0
671.194016287 625.016317973 0.0
674.905490756 625.653980034 0.0
678.659611131 626.305971297 0.0
682.51013127 627.023002115 0.0
686.491151373 627.836176311 0.0
690.600171105 628.747425263 0.0
694.793925263 629.730407806 0.0
698.998794623 630.74175833 0.0
703.130034543 631.73582156 0.0
707.116194494 632.678041656 0.0
710.922087863 633.556024301 0.0
714.553415721 634.385736035 0.0
718.033737682 635.210254069 0.0
721.37225769 636.091344851 0.0
724.553367204 637.093564621 0.0
727.556692855 638.261805541 0.0
730.38482162 639.603555441 0.0
733.070160425 641.092059546 0.0
735.656862283 642.690246807 0.0
738.178556609 644.374398 0.0
740.650899439 646.138346548 0.0
743.077735484 647.980970668 0.0
745.456511824 649.895195036 0.0
747.774227299 651.870388811 0.0
750.000381182 653.902492368 0.0
752.091494538 655.998281411 0.0
754.012103339 658.17003332 0.0
755.757066071 660.431900453 0.0
757.353309081 662.812688256 0.0
758.838368266 665.381910023 0.0
760.236823048 668.259036123 0.0
761.555053567 671.574619493 0.0
762.792316658 675.398631171 0.0
763.949521666 679.701904385 0.0
765.023457275 684.395277968 0.0
765.994444488 689.408670925 0.0
766.826405892 694.730884435 0.0
767.486941518 700.377526706 0.0
767.971907914 706.326578731 0.0
768.310712663 712.479757121 0.0
768.547548252 718.669954071 0.0
768.717879502 724.700363908 0.0
768.8403017 730.401473457 0.0
768.925362333 735.691420379 0.0
768.989651799 740.60627341 0.0
769.065565818 745.274816096 0.0
769.203015634 749.857905013 0.0
769.459732571 754.493873567 0.0
769.878921446 759.266326257 0.0
770.464660165 764.188005774 0.0
771.172589205 769.196564403 0.0
771.921917693 774.163302056 0.0
772.619506925 778.919216531 0.0
773.186876165 783.30613558 0.0
773.584537873 787.243183206 0.0
773.822514045 790.766189223 0.0
773.948075427 794.006002579 0.0
774.019493506 797.125435636 0.0
774.084445551 800.262768725 0.0
774.171588817 803.504581158 0.0
774.291795285 806.883108674 0.0
774.44447632 810.392536774 0.0
774.626167525 814.018233718 0.0
774.836953749 817.760810335 0.0
775.080123232 821.635596461 0.0
775.354849169 825.648336813 0.0
775.646052534 829.767632563 0.0
775.915725134 833.912230696 0.0
776.100109083 837.957257878 0.0
776.120714372 841.761160034 0.0
775.913830205 845.21548328 0.0
775.464388791 848.298945955 0.0
774.816771637 851.098649906 0.0
774.052752285 853.783002131 0.0
773.256381299 856.547557257 0.0
772.489236652 859.557954683 0.0
771.780999228 862.901160741 0.0
771.129845487 866.562434744 0.0
770.50873441 870.444617039 0.0
769.87523161 874.416893379 0.0
769.183586803 878.361028322 0.0
768.399555273 882.198517689 0.0
767.514806272 885.899779036 0.0
766.552379646 889.475597665 0.0
765.559241555 892.953208637 0.0
764.591313401 896.352043247 0.0
763.697395431 899.676242254 0.0
762.905646783 902.924256007 0.0
762.218992831 906.100193152 0.0
761.625403037 909.213695273 0.0
761.116819219 912.270393111 0.0
760.699706521 915.265574758 0.0
760.386260678 918.188866179 0.0
760.173272845 921.033890929 0.0
760.025488442 923.799456124 0.0
759.873305376 926.47794082 0.0
759.624743274 929.043895151 0.0
759.190877963 931.460883798 0.0
758.519814767 933.70907187 0.0
757.620039367 935.81568383 0.0
756.553858156 937.869811307 0.0
755.406407408 940.016588114 0.0
754.254106611 942.428151388 0.0
753.147107358 945.247027046 0.0
752.104441383 948.52237106 0.0
751.118082497 952.187709764 0.0
750.163675973 956.102914751 0.0
749.213042618 960.123551391 0.0
748.243370059 964.146782571 0.0
747.242096603 968.121771914 0.0
746.207983992 972.041847315 0.0
745.14817949 975.933157864 0.0
744.072646022 979.84367552 0.0
742.989386828 983.830202033 0.0
741.902456338 987.93977772 0.0
740.811429024 992.189605604 0.0
739.709793171 996.559605597 0.0
738.581766519 1001.00482274 0.0
737.401189916 1005.47696731 0.0
736.138109674 1009.93962695 0.0
734.77347792 1014.37252634 0.0
733.312929404 1018.76793672 0.0
731.789418857 1023.12172682 0.0
730.254257556 1027.42276965 0.0
728.762826919 1031.64910402 0.0
727.358678608 1035.77811096 0.0
726.059581652 1039.80666154 0.0
724.854025984 1043.76751815 0.0
723.712589581 1047.732252 0.0
722.605303838 1051.7998422 0.0
721.512116205 1056.07060584 0.0
720.423100771 1060.60829829 0.0
719.333617284 1065.40944599 0.0
718.239394225 1070.40333499 0.0
717.13344334 1075.48189761 0.0
716.006092102 1080.53681096 0.0
714.850126007 1085.48717168 0.0
713.671854056 1090.29294614 0.0
712.506768303 1094.94773042 0.0
711.435451714 1099.44958666 0.0
710.586990943 1103.77094097 0.0
710.109995595 1107.85843221 0.0
710.111106492 1111.66854922 0.0
710.604111629 1115.20776159 0.0
711.52289988 1118.54033918 0.0
712.793856427 1121.76061127 0.0
714.39820048 1124.95678597 0.0
716.363569356 1128.1878117 0.0
718.699483246 1131.47345866 0.0
721.346577497 1134.7903412 0.0
724.184315898 1138.07133788 0.0
727.076972599 1141.21279513 0.0
729.915196798 1144.09979753 0.0
732.637600443 1146.65083514 0.0
735.23804306 1148.85604208 0.0
737.762566894 1150.77364957 0.0
740.29696153 1152.48436207 0.0
742.945502265 1154.04476497 0.0
745.798883551 1155.47624584 0.0
748.898186555 1156.78428529 0.0
752.218742628 1157.97550282 0.0
755.689450749 1159.05212955 0.0
759.231027738 1159.99576905 0.0
762.783892752 1160.76726984 0.0
766.315384559 1161.33252853 0.0
769.814392654 1161.69444866 0.0
773.281797769 1161.90313104 0.0
776.720590733 1162.03858534 0.0
780.129528101 1162.18297851 0.0
783.50349507 1162.39757823 0.0
786.838128791 1162.70760254 0.0
790.131667712 1163.09606647 0.0
793.379802648 1163.50835524 0.0
796.568466826 1163.86564594 0.0
799.67465744 1164.0857587 0.0
802.679154309 1164.11073665 0.0
805.582323306 1163.93001903 0.0
808.409770709 1163.5807561 0.0
811.204423854 1163.12298639 0.0
814.012536678 1162.61020926 0.0
816.870810086 1162.07534341 0.0
819.797520313 1161.53282306 0.0
822.79109942 1160.9859194 0.0
825.838420547 1160.4314952 0.0
828.927278887 1159.86187882 0.0
832.053167199 1159.26711418 0.0
835.216505932 1158.63970939 0.0
838.415698349 1157.98033797 0.0
841.643674576 1157.30101132 0.0
844.890203326 1156.62416536 0.0
848.146355492 1155.97798651 0.0
851.407337095 1155.3880064 0.0
854.674039507 1154.86681635 0.0
857.956475276 1154.4080973 0.0
861.28056228 1153.98986743 0.0
864.693236308 1153.58403821 0.0
868.254902169 1153.16558999 0.0
872.013554623 1152.71836078 0.0
875.973497201 1152.23749309 0.0
880.081985507 1151.7279823 0.0
884.242443969 1151.19963884 0.0
888.343127041 1150.66160782 0.0
892.289591063 1150.11967113 0.0
896.034372224 1149.57650047 0.0
899.59132501 1149.03302453 0.0
903.023887112 1148.48948949 0.0
906.415683432 1147.94594595 0.0
909.842283523 1147.4024024 0.0
913.352378541 1146.85885886 0.0
916.957207171 1146.31531532 0.0
920.62888037 1145.77177177 0.0
924.308453785 1145.22822823 0.0
927.921692751 1144.68468468 0.0
931.401561617 1144.14114114 0.0
934.714724221 1143.5975976 0.0
937.880080097 1143.05405405 0.0
940.967891046 1142.51051051 0.0
944.081685725 1141.96696697 0.0
947.330719282 1141.42342342 0.0
950.795828024 1140.87987988 0.0
954.497637006 1140.33633634 0.0
958.386935368 1139.79279279 0.0
962.36532024 1139.24924704 0.0
966.32092851 1138.70567696 0.0
970.161622377 1138.16196903 0.0
973.839697145 1137.6176433 0.0
977.363037585 1137.0711274 0.0
980.78690117 1136.51847288 0.0
984.191338453 1135.95221967 0.0
987.656126229 1135.3621709 0.0
991.239014218 1134.73916068 0.0
994.960780189 1134.07959558 0.0
998.805751629 1133.38617661 0.0
1002.740271 1132.66326872 0.0
1006.73555074 1131.9114094 0.0
1010.77852518 1131.12685349 0.0
1014.87084663 1130.30678803 0.0
1019.03086326 1129.45511671 0.0
1023.31041336 1128.58397059 0.0
1027.81615734 1127.71085219 0.0
1032.70161976 1126.85394397 0.0
1038.10396607 1126.02711933 0.0
1044.05162415 1125.23616658 0.0
1050.41020333 1124.47913794 0.0
1056.90371563 1123.75169466 0.0
1063.18927853 1123.05309109 0.0
1068.95441394 1122.38705152 0.0
1074.01677148 1121.75697505 0.0
1078.38152588 1121.16074357 0.0
1082.20836997 1120.59024922 0.0
1085.70856534 1120.03530453 0.0
1089.05175748 1119.48766756 0.0
1092.33393497 1118.94205584 0.0
1095.5917429 1118.39400242 0.0
1098.82421228 1117.83558195 0.0
1102.00250366 1117.2505051 0.0
1105.07437068 1116.61235126 0.0
1107.97886454 1115.89101302 0.0
1110.67322895 1115.0670108 0.0
1113.15121369 1114.14385337 0.0
1115.43011973 1113.1478805 0.0
1117.51405537 1112.11641945 0.0
1119.37117302 1111.08411775 0.0
1120.95416499 1110.07384487 0.0
1122.24912399 1109.09150004 0.0
1123.30652067 1108.12277701 0.0
1124.22825067 1107.1320103 0.0
1125.12894874 1106.06591141 0.0
1126.10186106 1104.8671654 0.0
1127.20000205 1103.49667164 0.0
1128.43205442 1101.94907071 0.0
1129.77434653 1100.24394789 0.0
1131.193957 1098.39700162 0.0
1132.66772727 1096.39898152 0.0
1134.1858469 1094.22475209 0.0
1135.74374623 1091.86269537 0.0
1137.33416494 1089.33161799 0.0
1138.94639269 1086.66702541 0.0
1140.57016269 1083.89396181 0.0
1142.19857597 1081.01600647 0.0
1143.82774855 1078.0285146 0.0
1145.45416407 1074.93868707 0.0
1147.07094748 1071.77285359 0.0
1148.66443302 1068.56840259 0.0
1150.21434595 1065.36108025 0.0
1151.70092102 1062.17636652 0.0
1153.1162665 1059.02670959 0.0
1154.47086857 1055.91455949 0.0
1155.78951322 1052.84051377 0.0
1157.1009951 1049.81133082 0.0
1158.42922362 1046.84032353 0.0
1159.78847742 1043.93871799 0.0
1161.1825777 1041.10582056 0.0
1162.60845023 1038.32742691 0.0
1164.06281096 1035.58321992 0.0
1165.54698274 1032.85527492 0.0
1167.06523886 1030.12986761 0.0
1168.61771731 1027.38917915 0.0
1170.1935171 1024.59177387 0.0
1171.76826201 1021.64550956 0.0
1173.30688292 1018.39300153 0.0
1174.77207905 1014.64292296 0.0
1176.13785407 1010.25506413 0.0
1177.4011566 1005.2271609 0.0
1178.58176531 999.711721191 0.0
1179.70976939 993.952248307 0.0
1180.81118957 988.194179745 0.0
1181.90097351 982.619149361 0.0
1182.9823262 977.31325551 0.0
1184.04558923 972.272066157 0.0
1185.06325111 967.442641572 0.0
1185.98652627 962.776968389 0.0
1186.75487401 958.257889565 0.0
1187.3222211 953.884485733 0.0
1187.68415401 949.638662112 0.0
1187.88266616 945.460912966 0.0
1187.98450371 941.246350606 0.0
1188.05274283 936.861589796 0.0
1188.13042258 932.18416849 0.0
1188.23861058 927.151939102 0.0
1188.38309436 921.785446069 0.0
1188.5650703 916.158042013 0.0
1188.79067039 910.339168913 0.0
1189.07272173 904.36171629 0.0
1189.42252852 898.234779677 0.0
1189.83799264 891.980458044 0.0
1190.29728131 885.663589054 0.0
1190.76143754 879.400392366 0.0
1191.18359323 873.342378068 0.0
1191.52283265 867.630560317 0.0
1191.75964759 862.331563892 0.0
1191.90449912 857.396314674 0.0
1191.99283189 852.673270372 0.0
1192.0708075 847.96186097 0.0
1192.18089595 843.07226939 0.0
1192.35137715 837.87665685 0.0
1192.59101673 832.342875771 0.0
1192.89198167 826.531581775 0.0
1193.24061978 820.554114201 0.0
1193.6280941 814.52059186 0.0
1194.05228516 808.50843958 0.0
1194.51053158 802.555419448 0.0
1194.98963827 796.667425172 0.0
1195.45891415 790.833551312 0.0
1195.86930342 785.041736727 0.0
1196.16272896 779.28692647 0.0
1196.29372647 773.568417607 0.0
1196.25312735 767.880966676 0.0
1196.07515354 762.206592228 0.0
1195.82182762 756.511127527 0.0
1195.55831668 750.748042585 0.0
1195.33463034 744.872769276 0.0
1195.17827727 738.865838178 0.0
1195.09807888 732.753612062 0.0
1195.09885123 726.615748692 0.0
1195.1987754 720.576760785 0.0
1195.43331914 714.778866638 0.0
1195.83747161 709.333965805 0.0
1196.41991838 704.275266485 0.0
1197.15426505 699.548632374 0.0
1197.99597615 695.055995606 0.0
1198.90728236 690.712582394 0.0
1199.86820473 686.472221545 0.0
1200.87060191 682.314841438 0.0
1201.90771449 678.222727177 0.0
1202.96987378 674.168265448 0.0
1204.04668304 670.115626871 0.0
1205.13031135 666.029048078 0.0
1206.21645834 661.883221286 0.0
1207.30334112 657.673104232 0.0
1208.39039381 653.418836367 0.0
1209.47746582 649.163020247 0.0
1210.56440416 644.961273686 0.0
1211.6505582 640.866898032 0.0
1212.73316273 636.913672083 0.0
1213.80306422 633.109729539 0.0
1214.83704124 629.454021402 0.0
1215.79073971 625.965201151 0.0
1216.60272103 622.692809764 0.0
1217.21611099 619.691316561 0.0
1217.60395664 616.975473352 0.0
1217.76927001 614.499025694 0.0
1217.71082237 612.175758298 0.0
1217.38776956 609.919543072 0.0
1216.72769741 607.671092987 0.0
1215.68119075 605.404666569 0.0
1214.27491861 603.127513622 0.0
1212.61632433 600.882632959 0.0
1210.85312993 598.752157278 0.0
1209.12413997 596.845662627 0.0
1207.52340806 595.26049919 0.0
1206.07830571 594.030757 0.0
1204.74154449 593.107640886 0.0
1203.39965891 592.39131072 0.0
1201.89781501 591.783957285 0.0
1200.08329633 591.221288908 0.0
1197.86257509 590.672058096 0.0
1195.24066148 590.122726934 0.0
1192.30844529 589.563188625 0.0
1189.18694939 588.978506088 0.0
1185.97479665 588.347631325 0.0
1182.73147152 587.648613309 0.0
1179.49264633 586.863035795 0.0
1176.29962516 585.96703081 0.0
1173.22859509 584.906412099 0.0
1170.40211625 583.578716037 0.0
1167.9610276 581.855555183 0.0
1165.99905646 579.64621224 0.0
1164.50608796 576.951511779 0.0
1163.37056583 573.85247576 0.0
1162.43719883 570.441648584 0.0
1161.56944112 566.764242298 0.0
1160.68018294 562.821087636 0.0
1159.73291284 558.618509942 0.0
1158.72913438 554.209288771 0.0
1157.69147654 549.691607739 0.0
1156.64817376 545.179225289 0.0
1155.62294035 540.769323261 0.0
1154.63079947 536.518881222 0.0
1153.67982713 532.433682974 0.0
1152.78000694 528.476320797 0.0
1151.95569688 524.589891557 0.0
1151.24949707 520.721705788 0.0
1150.70651546 516.834795253 0.0
1150.34704366 512.905831648 0.0
1150.15338828 508.911056967 0.0
1150.08553411 504.80424267 0.0
1150.10951218 500.502259731 0.0
1150.21124062 495.901243955 0.0
1150.38801243 490.926660427 0.0
1150.63183832 485.583031561 0.0
1150.92058487 479.960952677 0.0
1151.22025444 474.198248582 0.0
1151.4931087 468.429444401 0.0
1151.70694893 462.750981709 0.0
1151.84055399 457.206330509 0.0
1151.87685036 451.790194034 0.0
1151.78125307 446.470504097 0.0
1151.48228877 441.215411873 0.0
1150.88271569 436.007769566 0.0
1149.90724811 430.843738444 0.0
1148.55124685 425.727732911 0.0
1146.88401733 420.676748645 0.0
1145.00328719 415.733157939 0.0
1142.98471461 410.968067824 0.0
1140.86582213 406.457501861 0.0
1138.66185768 402.241773639 0.0
1136.38478846 398.307404991 0.0
1134.04652811 394.615689379 0.0
1131.65147834 391.150918878 0.0
1129.19373846 387.937410472 0.0
1126.66545294 385.008645706 0.0
1124.06884115 382.36338377 0.0
1121.42091766 379.955051787 0.0
1118.74839483 377.72185914 0.0
1116.07853504 375.622767403 0.0
1113.43099733 373.645568367 0.0
1110.81104101 371.789251678 0.0
1108.20323428 370.049047195 0.0
1105.56637973 368.422867698 0.0
1102.83386035 366.928379154 0.0
1099.92783823 365.60471491 0.0
1096.79021142 364.488767686 0.0
1093.41395556 363.586065511 0.0
1089.84919412 362.866117276 0.0
1086.17882598 362.287283433 0.0
1082.48482292 361.825031523 0.0
1078.82576815 361.476939545 0.0
1075.22889249 361.246236691 0.0
1071.69241465 361.128224817 0.0
1068.19521447 361.116560306 0.0
1064.70930718 361.220301241 0.0
1061.20966422 361.468244317 0.0
1057.67917589 361.890644571 0.0
1054.10828589 362.495272104 0.0
1050.48770872 363.264575241 0.0
1046.79641689 364.178878089 0.0
1042.99585054 365.240325203 0.0
1039.04259806 366.469643098 0.0
1034.91667659 367.876408519 0.0
1030.64488629 369.430221206 0.0
1026.30233084 371.055026521 0.0
1021.9943781 372.645177144 0.0
1017.82828107 374.09289699 0.0
1013.87719485 375.322649937 0.0
1010.14352452 376.323114423 0.0
1006.53740082 377.158746044 0.0
1002.88043714 377.953570052 0.0
998.938740188 378.856639296 0.0
994.492205342 379.99799128 0.0
989.426051506 381.443053408 0.0
983.787625349 383.16710837 0.0
977.76078759 385.068585924 0.0
971.581565308 387.010482247 0.0
965.457837551 388.863921933 0.0
959.524138058 390.542125287 0.0
953.828899874 392.022356569 0.0
948.35250191 393.347874862 0.0
943.050588285 394.607240499 0.0
937.895249785 395.902733067 0.0
932.88408229 397.320014143 0.0
928.016721992 398.903993974 0.0
923.265283372 400.648859649 0.0
918.561618125 402.509815703 0.0
913.804480907 404.42885396 0.0
908.88266571 406.356587406 0.0
903.713694268 408.259885382 0.0
898.287872505 410.115581667 0.0
892.694719787 411.891819049 0.0
887.117650754 413.522973683 0.0
881.797301425 414.899135835 0.0
876.962654863 415.895754654 0.0
872.742827484 416.437371841 0.0
869.11115453 416.545082739 0.0
865.909786192 416.322260741 0.0
862.934690622 415.89303955 0.0
860.014232316 415.348959743 0.0
857.043652792 414.735632599 0.0
853.985344773 414.065193831 0.0
850.854868869 413.324725895 0.0
847.702185239 412.469813952 0.0
844.591828127 411.419934431 0.0
841.583079323 410.080473798 0.0
838.71176837 408.390509677 0.0
835.983040962 406.358534046 0.0
833.384641162 404.049775721 0.0
830.912804828 401.536172094 0.0
828.586399177 398.856705554 0.0
826.433275838 396.018449655 0.0
824.461156543 393.023083003 0.0
822.64237918 389.881962676 0.0
820.926315855 386.603708334 0.0
819.264304229 383.17435635 0.0
817.62502278 379.560600411 0.0
815.995458999 375.742846496 0.0
814.377262124 371.755164373 0.0
812.787272273 367.707583321 0.0
811.261017391 363.782877584 0.0
809.848968421 360.202178209 0.0
808.596640163 357.151118478 0.0
807.51527727 354.691256937 0.0
806.563897739 352.720484481 0.0
805.655034993 351.016313969 0.0
804.677967286 349.323648092 0.0
803.52996462 347.431876967 0.0
802.149753442 345.223410045 0.0
800.539224207 342.691603011 0.0
798.756911351 339.921169597 0.0
796.887262227 337.040176924 0.0
795.008172932 334.171311925 0.0
793.171803199 331.399532094 0.0
791.397770147 328.754980405 0.0
789.674683192 326.209802269 0.0
787.968132643 323.689259985 0.0
786.232542916 321.093301783 0.0
784.425061119 318.325549186 0.0
782.521451621 315.327925826 0.0
780.530368102 312.108225266 0.0
778.500290788 308.743703949 0.0
776.516676873 305.360061635 0.0
774.686013843 302.097346928 0.0
773.101466205 299.068819268 0.0
771.800463575 296.3220504 0.0
770.745674493 293.82708476 0.0
769.847658882 291.505383564 0.0
769.008513353 289.27622851 0.0
768.153653234 287.085151043 0.0
767.241247158 284.904190356 0.0
766.256142737 282.716975016 0.0
765.193716979 280.50136185 0.0
764.039717165 278.216141153 0.0
762.760587625 275.800539189 0.0
761.317495443 273.195248972 0.0
759.696827582 270.37639107 0.0
757.931461778 267.375107401 0.0
756.095907876 264.265507462 0.0
754.283068146 261.133832278 0.0
752.577500128 258.051476283 0.0
751.030742687 255.059325133 0.0
749.643596273 252.161068182 0.0
748.364104302 249.325267225 0.0
747.102404438 246.495549411 0.0
745.755549317 243.606113516 0.0
744.238506165 240.601595017 0.0
742.515742107 237.457468967 0.0
740.616429225 234.188575688 0.0
738.621535659 230.837741529 0.0
736.633189605 227.453820504 0.0
734.743755479 224.075059157 0.0
733.010718808 220.723288281 0.0
731.44064618 217.405460191 0.0
729.989925709 214.11947693 0.0
728.582691082 210.862126589 0.0
727.135785855 207.634711986 0.0
725.582887287 204.442555932 0.0
723.894156617 201.290666605 0.0
722.083305498 198.182796508 0.0
720.19635221 195.127983546 0.0
718.290019626 192.14861284 0.0
716.413107667 189.278238409 0.0
714.595676469 186.545702765 0.0
712.845190951 183.958827843 0.0
711.150342326 181.506476596 0.0
709.491390074 179.180251964 0.0
707.850678424 176.993686801 0.0
706.21757668 174.976922452 0.0
704.588362002 173.15315206 0.0
702.965176253 171.528365879 0.0
701.356642191 170.114552804 0.0
699.778631089 168.964809018 0.0
698.251066353 168.174087843 0.0
696.788515269 167.826992458 0.0
695.388366407 167.931924403 0.0
694.023436191 168.402637099 0.0
692.642452142 169.101791692 0.0
691.179325178 169.902581301 0.0
689.572929051 170.723074866 0.0
687.792582829 171.528809258 0.0
685.852316556 172.323951819 0.0
683.80102556 173.145246823 0.0
681.697225988 174.057487257 0.0
679.587987775 175.139554868 0.0
677.500521855 176.456265984 0.0
675.442181951 178.033567464 0.0
673.403583891 179.866964331 0.0
671.363039743 181.96555783 0.0
669.292507609 184.388446778 0.0
667.166077416 187.224827502 0.0
664.969646429 190.523661391 0.0
662.705463131 194.235931543 0.0
660.386565566 198.220339058 0.0
658.025422829 202.298258691 0.0
655.626879282 206.311150069 0.0
653.190086211 210.157685114 0.0
650.714414675 213.811779973 0.0
648.201115508 217.321106187 0.0
645.648534023 220.786007551 0.0
643.047263029 224.327232944 0.0
640.383011815 228.049610472 0.0
637.646646573 232.00660032 0.0
634.841712362 236.180584047 0.0
631.981437762 240.492610131 0.0
629.078559571 244.833942249 0.0
626.138501218 249.100125398 0.0
623.161980166 253.218156112 0.0
620.153898849 257.162789742 0.0
617.131687722 260.952753464 0.0
614.128937376 264.625594998 0.0
611.192061116 268.20969167 0.0
608.367458971 271.714824226 0.0
605.68249007 275.142289831 0.0
603.13410548 278.49743991 0.0
600.697229934 281.790271849 0.0
598.34637533 285.026322548 0.0
596.070532205 288.200903755 0.0
593.869675088 291.30468363 0.0
591.740024716 294.335137887 0.0
589.663363775 297.301502849 0.0
587.60772749 300.218400683 0.0
585.535770714 303.095871202 0.0
583.415290102 305.936193628 0.0
581.229183011 308.739042268 0.0
578.981394761 311.507933979 0.0
576.69529445 314.251521705 0.0
574.405685585 316.980105171 0.0
572.148487635 319.702059034 0.0
569.949643375 322.423903493 0.0
567.814414348 325.155357458 0.0
565.721086616 327.919807256 0.0
563.622190001 330.767362764 0.0
561.453625422 333.778688067 0.0
559.152649913 337.043865398 0.0
556.682059642 340.618218989 0.0
554.046929361 344.485673817 0.0
551.289834089 348.560405966 0.0
548.468456184 352.722480346 0.0
545.633381909 356.858509859 0.0
542.817546953 360.889037058 0.0
540.036518029 364.780040233 0.0
537.295919899 368.535628631 0.0
534.602797191 372.172700705 0.0
531.973993028 375.694893552 0.0
529.433104243 379.088087459 0.0
526.995964116 382.340233363 0.0
524.656322574 385.465711596 0.0
522.383741162 388.514233771 0.0
520.13368779 391.561903991 0.0
517.861449649 394.692085651 0.0
515.534821234 397.969887976 0.0
513.144525332 401.415788457 0.0
510.709766728 404.992448965 0.0
508.276404407 408.613654776 0.0
505.907694251 412.16900923 0.0
503.666868674 415.55559695 0.0
501.593028976 418.712053889 0.0
499.68214592 421.642572481 0.0
497.887292416 424.414936856 0.0
496.137246161 427.134310102 0.0
494.360091702 429.909573707 0.0
492.503233578 432.822562345 0.0
490.548162673 435.90386563 0.0
488.516190779 439.124644051 0.0
486.462070051 442.410541228 0.0
484.459644701 445.666848702 0.0
482.583702152 448.801655772 0.0
480.899024626 451.726370062 0.0
479.476291482 454.309179715 0.0
478.447036302 456.273405598 0.0
478.039722613 457.14752352 0.0
478.475663177 456.476766458 0.0
479.71356383 454.306234623 0.0
481.294119517 451.470715516 0.0
