487	441 0
480	454 0
471	468 0
465	486 0
456	505 0
450	522 0
444	540 0
436	556 0
429	573 0
418	601 0
411	616 0
403	633 0
402	649 0
402	658 0
402	682 0
402	702 0
403	727 0
403	745 0
402	763 0
403	786 0
405	817 0
405	835 0
408	853 0
420	865 0
433	873 0
447	873 0
460	871 0
469	859 0
480	850 0
486	837 0
486	828 0
480	810 0
474	796 0
469	783 0
466	769 0
463	745 0
462	729 0
462	702 0
468	685 0
466	658 0
472	637 0
475	621 0
480	606 0
490	598 0
508	588 0
525	589 0
543	594 0
553	597 0
573	600 0
594	606 0
618	612 0
642	618 0
664	624 0
684	627 0
708	633 0
727	637 0
741	646 0
754	657 0
762	670 0
768	697 0
769	733 0
769	757 0
774	786 0
774	802 0
775	822 0
777	846 0
772	859 0
769	882 0
763	901 0
760	918 0
760	933 0
753	943 0
748	966 0
742	987 0
736	1012 0
727	1036 0
721	1057 0
715	1086 0
708	1111 0
715	1128 0
732	1147 0
745	1156 0
765	1162 0
784	1162 0
802	1165 0
817	1162 0
834	1159 0
852	1155 0
870	1153 0
894	1150 0
912	1147 0
933	1144 0
949	1141 0
972	1138 0
990	1135 0
1012	1131 0
1035	1126 0
1074	1122 0
1092	1119 0
1110	1116 0
1122	1110 0
1126	1105 0
1134	1095 0
1143	1080 0
1152	1062 0
1159	1045 0
1167	1030 0
1176	1015 0
1182	981 0
1188	955 0
1188	933 0
1189	901 0
1192	865 0
1192	841 0
1194	807 0
1197	775 0
1195	744 0
1195	709 0
1200	685 0
1206	663 0
1212	639 0
1218	619 0
1218	607 0
1207	594 0
1201	591 0
1183	588 0
1165	583 0
1161	564 0
1155	538 0
1150	517 0
1150	495 0
1152	462 0
1152	433 0
1141	405 0
1128	385 0
1113	373 0
1099	364 0
1078	361 0
1059	361 0
1039	366 0
1014	376 0
996	379 0
960	391 0
931	397 0
906	408 0
873	418 0
858	415 0
840	411 0
826	397 0
817	379 0
808	355 0
804	348 0
793	331 0
784	318 0
772	298 0
768	286 0
762	274 0
751	256 0
745	241 0
733	222 0
726	204 0
715	187 0
706	174 0
697	166 0
690	171 0
678	175 0
667	186 0
654	210 0
640	228 0
624	253 0
607	273 0
594	291 0
583	307 0
570	322 0
559	337 0
543	361 0
528	381 0
516	397 0
502	418 0
493	432 0
481	451 0
474	465 0
