36.586230000	-121.756780000	231.7
36.585480000	-121.757260000	239.7	
36.585370000	-121.757250000	238.9	
36.585370000	-121.757250000	238.9	
36.584700000	-121.757650000	237.4	
36.584700000	-121.757650000	237.4	
36.584140000	-121.757740000	235.7	
36.582680000	-121.757680000	229.3	
36.582500000	-121.757500000	228.0	
36.582470000	-121.757210000	226.2	
36.582470000	-121.757210000	226.2
36.582570000	-121.756930000	224.6	
36.582740000	-121.756820000	224.1	
36.583580000	-121.757100000	226.1	
36.584460000	-121.757040000	226.9	
36.584680000	-121.756970000	227.2	
36.584830000	-121.756830000	226.7	
36.584830000	-121.756830000	226.7	
36.584890000	-121.756740000	226.4	
36.584890000	-121.756740000	226.4
36.584960000	-121.756350000	225.1	
36.584550000	-121.754260000	223.3	
36.584490000	-121.754030000	223.8	
36.584380000	-121.753890000	224.5	
36.584380000	-121.753890000	224.5
36.584120000	-121.753730000	225.6	
36.582760000	-121.753650000	227.4	
36.582760000	-121.753650000	227.4	
36.582290000	-121.753700000	228.4	
36.580430000	-121.754380000	232.1	
36.580170000	-121.754330000	233.4	
36.580170000	-121.754330000	233.4
36.580060000	-121.754210000	233.7	
36.579940000	-121.753990000	233.4	
36.579860000	-121.753550000	232.9	
36.580220000	-121.750850000	244.0
36.580220000	-121.750850000	244.0	
36.580350000	-121.749930000	248.7	
36.580420000	-121.749820000	247.2	
36.580860000	-121.749520000	244.9	
36.580860000	-121.749520000	244.9
36.581590000	-121.749230000	251.4	
36.583210000	-121.749140000	269.9	
36.584050000	-121.749170000	278.1	
36.584750000	-121.748950000	277.8	
36.584850000	-121.748990000	278.7	
36.584850000	-121.748990000	278.7
36.584930000	-121.749120000	278.9	
36.584960000	-121.749410000	276.2	
36.585040000	-121.749500000	274.3	
36.585410000	-121.749610000	269.1	
36.586290000	-121.749600000	257.7	
36.586670000	-121.749770000	252.2	
36.586810000	-121.749910000	249.6	
36.586810000	-121.749910000	249.6	
36.586930000	-121.750170000	247.1	
36.586960000	-121.750350000	245.1	
36.586960000	-121.750350000	245.1	
36.586890000	-121.750830000	240.3	
36.586700000	-121.751590000	240.1	
36.586700000	-121.751590000	240.1	
36.586460000	-121.752570000	233.9	
36.586490000	-121.752850000	232.0	
36.586490000	-121.752850000	232.0	
36.586580000	-121.753010000	231.2	
36.586740000	-121.753140000	231.1	
36.587620000	-121.753710000	234.8	
36.587620000	-121.753710000	234.8	
36.588600000	-121.754360000	230.9	
36.588600000	-121.754360000	230.9	
36.588670000	-121.754460000	230.0	
36.588620000	-121.754670000	229.3	
36.586270000	-121.756750000	231.6	
