450 479 15.2315462117 3.52556508903 12.667114464
448 479 15.2970585408 3.34028045454 13.004871295
447 480 14.3178210633 3.52903284534 13.386265405
449 480 14.4222051019 3.68940682871 14.253710425
451 478 14.8660687473 3.91909868551 14.724359297
454 476 15.2643375225 3.6787614694 15.208131563
455 476 16.1245154966 4.16325898422 15.695762866
459 473 14.3178210633 3.52594323783 16.177744187
461 472 13.9283882772 3.51481997969 16.644603875
464 471 13.0 3.51462584221 17.087250279
467 469 14.3178210633 3.34008952867 17.497371281
470 468 14.3178210633 3.33704329533 17.867890663
473 467 13.0 3.52897634625 18.193383671
476 467 13.152946438 6.09796021037 18.470428614
479 466 11.0453610172 0.016691762725 18.697810153
483 465 10.4403065089 0.247108679498 18.876525821
486 464 12.0415945788 0.00678411806928 19.009588413
490 462 10.4403065089 0.246935758478 19.101642982
493 460 11.401754251 0.251127195307 19.158455368
496 459 11.0453610172 0.00685425440119 19.186359688
502 457 13.416407865 1.10214831607 19.191739864
503 454 13.3416640641 3.33783295375 19.180595902
506 453 14.3178210633 3.33700391067 19.158261301
509 452 13.3416640641 3.33698944114 19.129226561
512 452 13.152946438 6.09460940675 19.097084534
516 451 10.4403065089 0.243526082929 19.064557687
519 450 10.4403065089 0.251067685243 19.03357416
522 449 10.4403065089 0.251199311034 19.005365675
525 448 10.4403065089 0.251201608337 18.980569057
528 447 11.0453610172 0.00685555315357 18.959321425
532 446 10.4403065089 0.246937005256 18.941345199
535 445 10.4403065089 0.251127217068 18.92602255
538 443 11.401754251 0.25120035006 18.912460697
541 442 10.4403065089 0.251201626472 18.899550628
544 441 10.4403065089 0.251201648749 18.886023838
547 439 11.401754251 0.251201649138 18.870515301
550 438 10.4403065089 0.251201649145 18.851612089
553 437 10.4403065089 0.251201649145 18.827938194
556 435 11.401754251 0.251201649145 18.79823664
559 434 10.4403065089 0.251201649145 18.761456257
562 432 11.401754251 0.251201649145 18.716834845
565 431 11.0453610172 0.0068555538658 18.663967852
569 430 10.4403065089 0.246937005268 18.60285245
572 429 12.1655250606 6.06307362621 18.533900547
577 426 10.0498756211 0.0160828769667 18.457919701
581 425 11.1803398875 6.0764977541 18.376066351
586 424 12.1655250606 6.07260967662 18.289779482
591 421 10.0498756211 0.016249312444 18.200703715
595 419 11.0453610172 0.00275486200511 18.110608742
599 415 16.0312195419 3.19647187056 18.021307033
602 414 15.2315462117 3.52652291206 17.934575868
606 411 17.0293863659 3.14831095399 17.85207586
607 411 16.9705627485 3.92710807345 17.775268574
611 409 15.2970585408 3.34728870171 17.705336492
614 408 15.2970585408 3.33716894461 17.643110962
617 407 14.3178210633 3.52897853925 17.589016451
620 406 14.3178210633 3.34034003049 17.54303898
623 404 15.2970585408 3.33704766742 17.504723588
626 403 14.3178210633 3.52897642256 17.473200895
629 402 14.3178210633 3.34033999355 17.447238169
632 401 13.3416640641 3.33704766677 17.425307389
635 401 13.0384048104 3.14500398711 17.405662603
638 400 13.3416640641 3.35109170283 17.386421614
641 400 13.0384048104 3.14524910178 17.365641687
644 400 13.0384048104 3.14165647065 17.34140691
646 401 12.0415945788 3.14159376741 17.311912855
648 401 12.0415945788 3.14159267303 17.275547276
650 401 12.0415945788 3.14159265393 17.230962734
652 401 12.0415945788 3.1415926536 17.177128157
654 402 10.4403065089 5.98647933434 17.113345051
657 402 10.1980390272 6.07103855881 17.03921589
659 402 10.1980390272 6.07251439569 16.954558517
663 402 10.1980390272 6.0725401539 16.859270481
667 402 10.1980390272 6.07254060346 16.75315901
671 402 10.1980390272 6.07254061131 16.635763006
675 402 10.1980390272 6.07254061145 16.50620043
679 402 10.1980390272 6.07254061145 16.363074788
683 402 10.1980390272 6.07254061145 16.204479797
687 402 10.1980390272 6.07254061145 16.028092036
690 402 10.1980390272 6.07254061145 15.831375421
694 402 10.1980390272 6.07254061145 15.611865439
698 402 10.1980390272 6.07254061145 15.367494266
702 402 10.1980390272 6.07254061145 15.096908646
706 402 10.1980390272 6.07254061145 14.79973215
711 402 10.1980390272 6.07254061145 14.476734402
715 402 10.1980390272 6.07254061145 14.129888618
719 402 10.1980390272 6.07254061145 13.76232011
723 402 10.1980390272 6.07254061145 13.378165891
727 402 10.1980390272 6.07254061145 12.982374443
731 402 10.1980390272 6.07254061145 12.58047342
734 402 10.1980390272 6.07254061145 12.178324856
738 402 10.1980390272 6.07254061145 11.781870415
741 402 10.1980390272 6.07254061145 11.396873165
744 402 10.1980390272 6.07254061145 11.028649407
747 402 10.1980390272 6.07254061145 10.681797169
751 402 10.1980390272 6.07254061145 10.359940827
754 402 10.1980390272 6.07254061145 10.06552185
757 402 10.1980390272 6.07254061145 9.799669783
761 402 10.1980390272 6.07254061145 9.562181223
765 402 10.1980390272 6.07254061145 9.351618235
769 402 10.1980390272 6.07254061145 9.165516118
773 402 10.1980390272 6.07254061145 9.000670045
777 402 10.1980390272 6.07254061145 8.853457106
782 402 10.1980390272 6.07254061145 8.720147952
786 403 10.1980390272 6.07254061145 8.597173793
791 403 10.1980390272 6.07254061145 8.481315147
797 403 10.1980390272 6.07254061145 8.369819045
802 404 10.1980390272 6.07254061145 8.260451468
807 404 10.0498756211 0.0162481070294 8.151496009
812 401 15.0332963784 3.19670737212 8.041721313
816 401 16.0312195419 3.14255458689 7.930334016
820 401 16.0312195419 3.14160944249 7.816929105
824 401 17.0293863659 3.14159294661 7.701444599
827 401 17.0293863659 3.1415926587 7.584123369
831 401 17.0293863659 3.14159265368 7.465482112
835 402 16.1554944214 2.75762021815 7.346285444
838 403 17.0880074906 2.79076773596 7.227521387
840 403 17.2626765016 2.96587919448 7.110372953
844 404 19.4164878389 2.55005644551 6.99617499
848 405 21.0950231097 2.595158847 6.886367093
852 405 25.4558441227 2.35159993713 6.782414772
855 407 26.1725046566 2.34734903223 6.685713439
857 409 26.1725046566 2.34727483994 6.597481201
859 411 26.1725046566 2.34727354504 6.518650122
861 413 26.1725046566 2.34727352244 6.449770841
863 415 25.495097568 2.27746035197 6.390944998
866 418 27.7308492477 1.99698920196 6.341795647
868 420 27.7848879789 2.07936051954 6.301479021
869 422 27.7848879789 2.08079817024 6.268733543
871 426 29.6141857899 1.7492107041 6.24195634
872 428 29.1204395571 1.84814316617 6.219295212
872 431 28.7923600978 1.91968303345 6.19874543
873 433 28.4429253067 1.74639871448 6.178245896
873 435 29.0172362571 1.5862946999 6.155769562
873 439 29.2745623366 1.44387401754 6.129411358
873 440 29.1547594742 1.45884160023 6.097474938
873 443 28.8617393793 1.31947649367 6.058555381
872 445 28.231188427 1.15996448102 6.011613211
870 447 29.0688837075 3.98461385943 5.95603153
869 449 27.6586333719 3.99406419025 5.891647493
868 453 25.079872408 4.29093510248 5.818751883
867 453 26.1725046566 3.92959733443 5.738055567
866 454 26.2488094968 3.83602433807 5.650627338
865 457 23.4307490277 4.00892410639 5.557812184
863 460 22.8473193176 4.29119445694 5.461140784
862 461 22.6715680975 3.84233539842 5.362239633
861 463 22.2036033112 4.07884742525 5.262749851
859 465 22.6715680975 3.85608253608 5.164257053
858 467 22.0227155455 3.85219455531 5.068224114
856 470 21.0950231097 4.14883267008 4.975938269
855 472 21.2602916255 0.715711355443 4.88846698
853 471 26.1725046566 3.24382189384 4.806627689
851 474 20.6155281281 3.50989603334 4.730977819
849 474 22.0227155455 3.14802076021 4.661831701
847 476 18.973665961 3.47331740309 4.599308599
844 478 17.4642491966 3.5139014856 4.543410966
843 478 17.4642491966 3.34007688626 4.494125464
839 480 17.4642491966 3.5290292924 4.451532861
837 481 17.4642491966 3.5148738415 4.415908343
836 481 17.0293863659 3.14810763935 4.387792815
834 481 17.0293863659 3.14170636154 4.368016129
832 481 17.0293863659 3.14159463817 4.357663127
831 482 16.0312195419 3.14159268823 4.35798496
829 482 16.0312195419 3.14159265419 4.370259673
827 482 16.0312195419 3.1415926536 4.395625396
825 482 14.1421356237 2.94960643587 4.434912305
821 481 16.1245154966 3.2479041331 4.488501103
820 481 15.6204993518 2.48022302318 4.556231038
816 480 15.0 2.48922026873 4.637370709
813 479 15.0 2.48937730029 4.730652594
811 477 16.4012194669 2.48938004101 4.834360669
810 476 17.8044938148 2.21012740852 4.946452655
805 475 15.0 2.48450621096 5.064696003
802 474 15.0 2.48929502446 5.186799311
800 473 15.0 2.48937860502 5.310527813
797 471 15.1327459504 2.96061896182 5.433800091
795 471 15.2643375225 2.58487122217 5.554762437
792 470 15.2315462117 2.71793952712 5.671847349
789 469 15.2970585408 2.96460810245 5.78381688
787 469 14.8660687473 2.79438035605 5.889789894
785 468 15.2643375225 2.59942310368 5.989249851
782 468 14.3178210633 2.96253960064 6.082029108
779 467 14.8660687473 2.79434425388 6.168267595
778 466 15.2643375225 2.59942247358 6.248347682
775 465 14.3178210633 2.71819349437 6.322811752
771 465 13.0 2.75517302478 6.392272888
768 464 14.0356688476 3.2445106299 6.457330846
765 464 14.0356688476 3.14338891114 6.518503604
762 463 15.2643375225 2.58311864356 6.576185088
757 462 15.0332963784 3.24150771445 6.630632468
754 462 16.6433169771 2.58483113974 6.681975449
749 460 17.1172427686 3.24153760315 6.730248091
746 460 16.4924225025 2.86408434171 6.775431514
742 459 17.1172427686 3.24641149097 6.817497259
739 459 17.4642491966 2.75944965198 6.856441918
735 459 16.1245154966 3.24458527112 6.892306177
732 459 16.0312195419 3.14339021387 6.925175021
729 459 16.0312195419 3.14162402694 6.955159978
725 459 15.0332963784 3.14159320116 6.982368002
721 459 15.0332963784 3.14159266315 7.006864437
716 459 15.0332963784 3.14159265376 7.028638781
711 459 16.0312195419 3.14159265359 7.047582272
708 459 16.0 3.14159265359 7.063482075
702 459 18.8679622641 3.68264472171 7.076035819
699 459 17.0293863659 3.1510357936 7.084887929
695 460 18.0277563773 3.14175746747 7.089679881
692 460 18.0277563773 3.14159553013 7.090107669
688 461 17.4642491966 3.35103221403 7.085976947
685 462 18.0277563773 3.1452480635 7.077246801
681 462 17.0293863659 3.14165645253 7.064055444
677 463 18.0277563773 3.14159376709 7.046724907
672 463 17.0293863659 3.14159267302 7.025745835
668 464 16.0312195419 3.14159265393 7.001746899
663 464 17.0 3.61283155163 6.975455122
658 465 17.0880074906 3.46397658928 6.947653323
654 466 16.2788205961 3.28684565488 6.919139626
650 466 17.0293863659 3.14412779671 6.890689783
646 467 17.0880074906 3.47324945806 6.863025969
642 467 17.0293863659 3.14738115681 6.836788522
639 468 17.88854382 3.61293258007 6.812511055
635 468 18.0277563773 3.46397835256 6.790599368
632 469 18.0277563773 3.1472193455 6.771315731
629 469 17.4642491966 3.35113036813 6.754770724
626 470 18.0277563773 3.14524977662 6.740924523
622 471 17.4642491966 3.52562891787 6.729598267
620 471 18.0277563773 3.14829535085 6.720494437
617 472 17.4642491966 3.52568207316 6.713223631
614 473 18.8679622641 3.6893483467 6.707334299
611 474 19.2353840617 3.60493839945 6.702342136
610 475 18.973665961 3.46383882779 6.697757557
605 476 21.2132034356 3.91516178121 6.6931076
604 478 20.6155281281 3.83577239014 6.687956088
602 480 20.6155281281 3.83438678387 6.681920729
600 481 22.0227155455 3.83436260048 6.674687653
599 482 22.0227155455 3.8343621784 6.666023617
596 486 21.6333076528 4.11361485135 6.655785078
594 487 23.0217288664 4.11848872994 6.643922993
593 490 23.3238075794 4.18838696525 6.630482363
592 494 21.5406592285 4.34668655228 6.615596263
591 496 21.0950231097 4.19236976859 6.599474976
589 500 20.2484567313 4.34675606531 6.582391592
587 503 21.0237960416 4.29709073695 6.564665726
586 507 19.9248588452 4.38349037604 6.546646731
586 510 19.2353840617 4.55953125942 6.528695839
586 513 19.2353840617 4.56260375245 6.511170351
587 516 17.2626765016 4.84191005789 6.49440721
588 519 17.2626765016 1.72264551147 6.478704604
589 522 17.4642491966 1.98730585626 6.46430339
590 526 17.88854382 2.04428492823 6.451368231
591 529 18.0277563773 1.5740405026 6.439969469
591 532 19.2093727123 2.26396488988 6.430066885
592 535 17.7200451467 1.85712732155 6.421496227
593 538 17.4642491966 1.97219971411 6.413958996
593 541 17.0293863659 1.57278237827 6.407015841
594 543 16.7630546142 1.84506391099 6.400084231
594 545 17.2626765016 4.85178243366 6.392442031
595 547 17.7200451467 1.84499086457 6.383239711
595 549 17.0293863659 4.72960811112 6.371524209
596 552 17.7200451467 1.8603118129 6.35627754
597 555 17.4642491966 1.97225529396 6.336472292
597 558 17.0293863659 1.57278334833 6.311139272
598 561 17.2626765016 1.72289088029 6.279441753
599 565 17.2626765016 1.72551075095 6.240745765
600 568 18.2482875909 1.41139721096 6.194674439
601 572 18.0277563773 1.58044782066 6.14113564
602 576 17.88854382 2.03718391592 6.080316228
602 579 17.0293863659 1.57391656656 6.012642416
603 583 17.0293863659 1.58328431851 5.938712312
604 587 17.7200451467 1.84524720443 5.859212098
605 591 17.7200451467 1.84981931931 5.774830118
606 595 17.2626765016 1.72772607013 5.686182738
607 599 17.4642491966 1.98739452873 5.593765644
608 604 17.2626765016 1.71267391798 5.497930531
609 608 17.2626765016 1.72533243132 5.398891661
610 612 17.4642491966 1.98735275185 5.296759457
611 617 18.1107702763 4.59246645463 5.191591105
612 621 17.4642491966 5.12168394068 5.083450118
613 625 16.7630546142 4.99129418811 4.972466634
614 630 18.0277563773 4.72721906982 4.858892264
614 634 19.1049731745 4.60043704189 4.743145787
616 638 17.4642491966 5.12182305367 4.625848237
617 642 17.4642491966 5.11346966373 4.507846951
618 646 17.4642491966 5.11332386957 4.390227705
619 650 17.4642491966 5.11332132499 4.274312334
620 654 16.7630546142 4.99114823294 4.161637675
621 658 16.7630546142 4.98901591022 4.053909382
621 662 17.7200451467 4.98897869417 3.95292588
622 666 17.7200451467 4.98897804463 3.860476089
623 670 17.2626765016 4.86680498565 3.778213639
624 673 18.0277563773 4.72504632336 3.707522773
625 677 17.0293863659 4.72257216795 3.649395243
626 681 18.2482875909 4.56544935312 3.604339058
627 685 17.2626765016 1.71782036192 3.572336484
628 689 17.2626765016 1.72542225371 3.552860496
629 693 17.2626765016 1.72555493175 3.54494793
630 697 17.4642491966 1.98735663522 3.547316845
631 702 16.7630546142 1.85229959677 3.558507851
632 706 17.2626765016 1.72776935913 3.577026306
633 709 18.2482875909 1.42888992363 3.60146486
633 713 17.2626765016 4.84451882732 3.63059003
634 717 17.0293863659 4.72465735651 3.663390655
635 720 17.4642491966 5.12399110716 3.699086654
635 723 17.7200451467 4.99133445577 3.737106665
636 727 18.7882942281 5.12864550058 3.777045638
637 730 19.7230829233 5.23576178553 3.818613327
639 733 21.2132034356 5.49943070519 3.861582892
640 735 20.8086520467 5.32949967077 3.905745862
643 738 20.0 5.32653381472 3.950876614
645 740 19.7989898732 5.50101497597 3.996707027
647 741 21.2132034356 2.3450143006 4.042910555
649 743 21.2132034356 2.34723409119 4.089094573
651 745 21.2132034356 2.34727283384 4.13480035
654 748 22.0227155455 2.26000704743 4.179509623
656 750 22.0227155455 2.25848397213 4.222665414
658 751 23.4093998214 2.78205616505 4.263695158
660 751 23.3452350599 3.00063373393 4.30204531
663 754 20.591260282 2.65538278178 4.337223127
665 755 20.1246117975 2.66681030844 4.368840913
668 756 18.3847763109 2.754276219 4.396657392
671 757 18.3847763109 2.75580278712 4.420610727
676 758 19.7230829233 2.59874979808 4.440838949
680 759 18.7882942281 2.71818175397 4.457685869
683 760 20.0997512422 3.24386501043 4.471693069
688 762 16.0312195419 3.14337764295 4.483580547
693 762 17.0293863659 3.14162380753 4.494219176
699 763 17.0293863659 3.14159319733 4.504597414
705 764 16.0312195419 3.14159266308 4.51578317
711 765 16.0312195419 3.14159265376 4.528881392
717 765 16.0312195419 3.14159265359 4.544982799
724 765 15.0 3.14159265359 4.565108378
730 765 15.0 3.14159265359 4.590150305
735 766 14.0 3.14159265359 4.620815875
740 766 14.0 3.14159265359 4.65758295
745 767 14.0 3.14159265359 4.700675851
749 767 14.0 3.14159265359 4.750068376
754 767 14.0 3.14159265359 4.805516204
758 767 13.9283882772 2.75762021815 4.86661523
763 768 14.0356688476 3.24455334148 4.932877068
768 768 15.0332963784 3.14338965659 5.003809334
773 769 14.0356688476 3.14162401721 5.078987353
777 769 15.0332963784 3.14159320099 5.158105389
782 770 15.0332963784 3.14159266314 5.240997446
786 770 15.0332963784 3.14159265376 5.32763352
789 770 15.0332963784 3.14159265359 5.418083841
794 771 14.1421356237 2.94960643587 5.512463825
796 771 15.1327459504 3.2479041331 5.610868515
799 771 15.0332963784 3.14344813894 5.713306771
802 771 15.0332963784 3.14162503792 5.819643954
805 772 14.0356688476 3.1415932188 5.929558906
809 772 14.0356688476 3.14159266345 6.042517568
813 772 14.0356688476 3.14159265376 6.157762692
816 772 14.0356688476 3.14159265359 6.274317651
821 773 14.0 3.14159265359 6.391002669
825 773 14.0 3.14159265359 6.506463375
829 773 14.0 3.14159265359 6.619213314
833 772 16.1554944214 2.75762021815 6.727696447
836 773 16.1245154966 3.24455334148 6.83036272
840 772 17.0293863659 3.14338965659 6.925763596
844 772 16.0312195419 3.14162401721 7.012656413
847 772 16.0312195419 3.14159320099 7.090106304
850 771 15.5241746963 3.35103217338 7.157571199
852 771 16.0312195419 3.14524806279 7.214956201
855 770 15.2970585408 3.35109596276 7.26262811
858 770 14.3178210633 3.33723539385 7.301387977
861 769 14.3178210633 3.528979699 7.332407168
865 769 13.0384048104 3.14835383301 7.357138258
869 769 14.0356688476 3.14171065843 7.377214538
873 768 13.8924439894 3.68264678128 7.394350546
877 767 14.0356688476 3.15103582955 7.410254556
881 766 14.0356688476 3.1417574681 7.426553673
884 765 13.3416640641 3.35103504039 7.444729732
888 764 14.0356688476 3.14524811283 7.46607211
891 763 15.0332963784 3.14165645339 7.491642124
895 763 16.0312195419 3.14159376711 7.522252577
898 763 16.2788205961 0.157079652114 7.558467218
901 762 17.0293863659 0.00521281511906 7.600625486
905 760 14.3178210633 3.3361411101 7.648895952
908 759 14.3178210633 3.33697438243 7.703357346
911 758 16.0312195419 3.14500270806 7.76409992
914 757 16.1554944214 3.52562460571 7.8313337
917 757 16.0312195419 3.14829527559 7.905485565
920 756 17.0293863659 3.14170963641 7.987265969
922 756 17.0293863659 3.14159469533 8.077684665
925 755 17.4642491966 3.35103219946 8.178009129
928 755 18.0277563773 3.14524806325 8.289665996
930 754 19.0262975904 3.14165645252 8.414088567
931 754 18.3847763109 3.52556620253 8.552535517
933 753 18.3847763109 3.51481339918 8.705907305
935 753 17.4642491966 3.51462572736 8.874588903
939 751 17.4642491966 3.34008952667 9.058342681
940 751 17.4642491966 3.52902951302 9.25626524
944 750 16.4924225025 3.34034092015 9.466809611
947 749 16.4924225025 3.33704768294 9.687862841
951 747 17.0293863659 3.14500398739 9.916861887
955 746 17.0293863659 3.1416521926 10.150929358
959 745 17.0293863659 3.14159369274 10.387014164
963 744 17.0293863659 3.14159267173 10.622028093
967 743 17.0293863659 3.14159265391 10.852980946
971 742 17.0293863659 3.1415926536 11.07710784
974 741 17.4642491966 3.35103216383 11.291992113
978 740 17.0293863659 3.14524806263 11.495677248
982 739 16.4924225025 3.35109596275 11.686755991
986 738 16.0312195419 3.14524917613 11.864421772
991 736 17.0293863659 3.14165647195 12.028468857
995 735 17.0293863659 3.14159376743 12.179234093
1000 734 17.0293863659 3.14159267303 12.317483311
1004 733 17.0293863659 3.14159265393 12.44425646
1008 732 17.0293863659 3.1415926536 12.560694322
1014 730 17.0 3.14159265359 12.667873657
1018 729 17.0 3.14159265359 12.766674832
1023 727 17.0 3.14159265359 12.857704976
1027 726 17.0 3.14159265359 12.941279624
1030 725 15.2970585408 3.35103216383 13.017459961
1034 724 15.2970585408 3.33723428035 13.086137279
1038 723 16.4924225025 3.33699346185 13.147142818
1042 722 16.1245154966 3.68605510917 13.200360928
1046 721 16.1245154966 3.69214738421 13.245825049
1050 720 16.1245154966 3.69225371447 13.283781377
1055 718 15.2970585408 3.34318971988 13.31471286
1059 717 16.4924225025 3.33709740388 13.339324465
1064 716 16.0312195419 3.14500485519 13.358497709
1069 714 17.0293863659 3.14165220774 13.373226655
1074 713 17.0293863659 3.14159369301 13.384548503
1079 712 17.0293863659 3.14159267173 13.393481033
1084 710 17.0293863659 3.14159265391 13.400967726
1089 709 17.0293863659 3.1415926536 13.407843201
1094 708 17.0 3.14159265359 13.414811665
1099 708 16.0 3.14159265359 13.422435445
1103 707 15.0 3.14159265359 13.431131303
1107 707 15.0 3.14159265359 13.441171765
1111 707 15.0 3.14159265359 13.452689838
1115 707 16.2788205961 2.94960643587 13.465686395
1120 707 20.0 2.47995926222 13.480039885
1123 708 19.2093727123 2.48921566523 13.49551804
1123 714 11.1803398875 5.77059621369 13.511791159
1127 716 10.4403065089 5.98000422495 13.528446665
1130 718 11.1803398875 5.80912615903 13.545005157
1134 720 11.1803398875 2.03623258985 13.560939511
1137 724 10.4403065089 5.98958297033 13.575694561
1140 727 11.1803398875 5.80929333967 13.588714553
1157 746 16.4012194669 2.20356850703 13.587101941
1159 752 17.2626765016 1.38483430778 13.572980533
1160 754 16.1245154966 2.12103627866 13.556528622
1161 759 17.2626765016 1.38339384865 13.538064092
1162 761 16.0312195419 1.57995906979 13.51786255
1163 766 17.2626765016 1.37395026985 13.496153584
1163 769 17.2626765016 1.38780803052 13.473109173
1163 773 17.2626765016 1.38804989408 13.448875176
1164 774 18.8679622641 2.12109240123 13.423615239
1164 780 16.1245154966 1.38339482818 13.39757594
1163 783 15.1327459504 1.38797286916 13.371175633
1164 784 17.0 2.03382459429 13.345120058
1164 789 12.0415945788 1.57385793534 13.320546598
1164 793 12.1655250606 1.35639049245 13.299194894
1163 796 11.1803398875 1.35259496955 13.28359343
1163 798 11.1803398875 4.52902796381 13.277240112
1163 801 12.1655250606 4.52716478447 13.284741939
1162 805 11.1803398875 1.38553961226 13.311868551
1162 807 12.1655250606 4.5296029563 13.365464494
1162 810 12.1655250606 4.52717481998 13.453189448
1161 813 12.3693168769 4.43986597841 13.583085641
1161 815 12.1655250606 4.52560861425 13.762958013
1160 818 11.401754251 4.43983864296 13.999651364
1159 822 11.1803398875 1.38401548357 14.298310851
1159 824 11.1803398875 4.52957635523 14.661733082
1159 828 12.1655250606 1.38558170211 15.089905631
1157 831 13.152946438 4.5296036909 15.579799871
1157 834 12.3693168769 4.4399083702 16.125434416
1156 838 11.1803398875 1.38401670054 16.7181784
1156 840 11.0453610172 4.52957637647 17.347229784
1156 844 10.1980390272 1.35067511744 18.000192841
1155 848 11.1803398875 1.35249521744 18.66369111
1155 850 10.4403065089 1.26526052158 19.323983198
1154 854 11.1803398875 1.35100445151 19.967562521
1153 856 11.1803398875 4.52900020404 20.581750412
1153 860 11.1803398875 1.10631896606 21.15529017
1152 863 12.1655250606 4.52472963668 21.678916592
1152 867 12.1655250606 4.52708976451 22.145858235
1151 871 11.1803398875 4.52713095651 22.552209149
1151 874 12.1655250606 4.52713167544 22.897106944
1150 879 12.1655250606 4.52713168799 23.182676015
1150 883 12.1655250606 4.52713168821 23.413733146
1149 887 11.1803398875 4.52713168821 23.59729507
1149 891 12.1655250606 4.52713168821 23.741960205
1148 895 12.1655250606 4.52713168821 23.857249799
1148 898 12.1655250606 4.52713168821 23.952982305
1147 902 12.1655250606 4.52713168821 24.038728621
1146 905 11.401754251 4.43986522561 24.12339933
1146 908 12.1655250606 4.52560860112 24.214901337
1145 912 12.1655250606 4.52710510533 24.319887562
1145 915 12.1655250606 4.52713122426 24.443571289
1144 919 12.1655250606 4.52713168012 24.589594905
1144 923 12.1655250606 4.52713168807 24.759955473
1143 926 12.3693168769 4.43986522561 24.954995464
1143 930 12.1655250606 4.52560860112 25.173464953
1142 933 12.3693168769 4.43983864273 25.412653292
1142 936 12.1655250606 4.52560813716 25.66857836
1141 939 12.3693168769 4.43983863463 25.936215396
1140 943 12.1655250606 4.52560813702 26.209748289
1140 946 12.1655250606 4.52710509723 26.482836961
1139 949 12.3693168769 4.43986476151 26.748889039
1139 953 12.1655250606 4.52560859302 27.001345989
1138 957 12.1655250606 4.52710510519 27.234008983
1137 961 13.152946438 4.52713122425 27.441367958
1137 965 12.1655250606 4.52713168012 27.618924247
1136 969 13.152946438 4.52713168807 27.763468656
1136 972 12.3693168769 4.43986522561 27.873270194
1135 976 13.152946438 4.52560860112 27.948136306
1135 979 12.3693168769 4.43983864273 27.989323851
1134 983 12.1655250606 4.52560813716 27.999306702
1133 986 13.152946438 4.52710509723 27.981433188
1133 990 12.1655250606 4.52713122411 27.939526802
1132 993 13.152946438 4.52713168011 27.877491394
1131 997 13.152946438 4.52713168807 27.798974133
1131 1001 12.1655250606 4.52713168821 27.707135655
1130 1005 12.1655250606 4.52713168821 27.604526058
1130 1009 12.1655250606 4.52713168821 27.493070444
1129 1013 12.1655250606 4.52713168821 27.374144832
1128 1018 12.1655250606 4.52713168821 27.248707794
1127 1022 11.1803398875 4.52713168821 27.117456088
1127 1027 10.1980390272 1.35063244958 26.980977179
1126 1031 10.4403065089 1.26522801015 26.839880002
1125 1037 11.1803398875 4.52750312271 26.69489454
1124 1043 11.1803398875 4.52713817097 26.546938501
1123 1049 11.1803398875 4.52713180136 26.397154062
1122 1055 11.1803398875 4.52713169019 26.246918936
1123 1063 10.1980390272 1.35063244962 26.097834461
1122 1068 10.1980390272 1.35249447275 25.951693981
1121 1074 10.1980390272 1.35252697118 25.810428911
1121 1078 10.1980390272 1.35252753839 25.67601295
1120 1082 10.1980390272 1.35252754829 25.550366547
1120 1085 10.1980390272 1.35252754846 25.435240599
1119 1088 10.4403065089 1.26526108586 25.332106637
1118 1092 10.1980390272 1.35100446136 25.242076327
1118 1094 10.4403065089 1.26523450298 25.165874041
1117 1098 10.1980390272 1.3510039974 25.10388085
1117 1101 10.4403065089 1.26523449488 25.056256756
1116 1104 11.1803398875 1.10665790198 25.023132139
1115 1107 11.1803398875 1.36568960612 25.004842481
1115 1109 10.4403065089 1.2654908071 25.002166147
1114 1112 11.1803398875 1.10666237548 25.016516986
1113 1114 11.1803398875 1.1038902964 25.050047802
1112 1116 11.1803398875 1.10384191449 25.105638275
1110 1119 12.2065556157 0.632602172029 25.186708256
1110 1120 12.5299640861 1.095616385 25.296934338
1108 1122 12.2065556157 0.632458609457 25.439873651
1107 1123 12.2065556157 0.641828273837 25.618572302
1106 1124 13.0 0.380192417531 25.835239456
1105 1124 13.0 3.51721866399 26.091064167
1102 1125 14.8660687473 3.93354672762 26.386230063
1102 1125 15.2315462117 3.52193400263 26.72014609
1099 1127 14.8660687473 3.93362902581 27.091866802
1099 1127 14.8660687473 3.92336116696 27.500632766
1097 1129 15.2315462117 3.52175623106 27.946429853
1094 1130 15.5563491861 3.93362592311 28.430452942
1093 1131 15.5241746963 3.34740245965 28.95536185
1089 1134 14.8660687473 3.93058287574 29.525261528
1088 1135 14.3178210633 3.34734934845 30.14539133
1085 1136 14.3178210633 3.52915622081 30.821518183
1081 1139 14.8660687473 3.9337550773 31.55914214
1081 1142 12.8062484749 0.903943761021 32.362630158
1077 1143 10.4403065089 0.245140855644 33.234416882
1073 1146 12.0415945788 0.00674977306392 34.174397842
1070 1147 10.4403065089 0.246935159045 35.179600391
1067 1148 11.401754251 0.251127184845 36.244161359
1064 1150 10.4403065089 0.251200349498 37.359583281
1061 1151 11.401754251 0.251201626462 38.515198784
1058 1153 10.4403065089 0.251201648749 39.698755707
1054 1154 11.0453610172 0.00685555385889 40.897044795
1051 1155 11.401754251 0.246937005268 42.096507542
1048 1157 10.4403065089 0.251127217068 43.283837054
1045 1158 10.4403065089 0.25120035006 44.44653541
1042 1160 12.3693168769 0.251201626472 45.573441599
1040 1161 11.1803398875 0.460641158989 46.655221277
1037 1162 11.401754251 0.254857058176 47.684774042
1034 1164 10.4403065089 0.251265448068 48.657497695
1031 1166 12.3693168769 0.251202762646 49.571345463
1029 1167 11.1803398875 0.460641178819 50.426631864
1026 1168 11.401754251 0.254857058522 51.225582957
1023 1170 10.4403065089 0.251265448074 51.971676945
1020 1171 11.401754251 0.251202762646 52.66886721
1017 1173 10.4403065089 0.251201668579 53.320809252
1013 1174 11.0453610172 0.00685555420499 53.930216203
1009 1176 10.0498756211 0.0025909099947 54.498445563
1004 1177 10.1980390272 6.07626227485 55.025407687
998 1178 10.1980390272 6.07260556673 55.50974128
992 1179 11.1803398875 6.07254174513 55.949266435
987 1180 10.1980390272 6.07254063124 56.34160189
981 1181 11.1803398875 6.0725406118 56.684828809
976 1183 12.1655250606 6.07254061146 56.978079739
971 1184 11.1803398875 6.07254061145 57.221952266
966 1185 10.1980390272 6.07254061145 57.418686845
961 1185 11.1803398875 6.07254061145 57.572097782
957 1186 10.0498756211 0.0162481070294 57.687293669
952 1187 10.1980390272 6.07650063791 57.770257891
948 1187 10.1980390272 6.07260972695 57.827374376
944 1187 10.1980390272 6.07254181774 57.864979958
940 1187 11.1803398875 6.0725406325 57.888996317
935 1188 10.1980390272 6.07254061182 57.904660113
931 1188 10.1980390272 6.07254061146 57.91638913
926 1188 10.1980390272 6.07254061145 57.92772819
920 1188 10.1980390272 6.07254061145 57.941363538
915 1188 10.1980390272 6.07254061145 57.959179572
909 1188 10.1980390272 6.07254061145 57.982338563
903 1189 10.1980390272 6.07254061145 58.011371689
897 1189 10.1980390272 6.07254061145 58.046275509
890 1189 10.1980390272 6.07254061145 58.086610769
884 1190 10.1980390272 6.07254061145 58.131600782
878 1190 10.1980390272 6.07254061145 58.180226034
872 1191 10.1980390272 6.07254061145 58.231311607
866 1191 10.1980390272 6.07254061145 58.283607746
861 1191 10.1980390272 6.07254061145 58.335855542
856 1191 10.1980390272 6.07254061145 58.38683953
851 1191 11.1803398875 6.07254061145 58.435448711
846 1192 10.1980390272 6.07254061145 58.480723488
842 1192 10.1980390272 6.07254061145 58.521897567
836 1192 10.1980390272 6.07254061145 58.558431716
831 1192 10.1980390272 6.07254061145 58.590034872
825 1192 10.1980390272 6.07254061145 58.616668272
819 1193 10.1980390272 6.07254061145 58.638530295
813 1193 10.1980390272 6.07254061145 58.656022856
807 1194 10.1980390272 6.07254061145 58.669703574
801 1194 10.1980390272 6.07254061145 58.680230364
795 1194 10.1980390272 6.07254061145 58.688305831
789 1195 10.1980390272 6.07254061145 58.694627367
784 1195 10.1980390272 6.07254061145 58.699843976
778 1196 10.1980390272 6.07254061145 58.704532568
772 1196 10.1980390272 6.07254061145 58.709176159
766 1196 10.1980390272 6.07254061145 58.714150477
761 1196 10.1980390272 6.07254061145 58.719713444
755 1195 10.1980390272 6.07254061145 58.725993719
749 1195 10.1980390272 6.07254061145 58.732975497
743 1195 10.1980390272 6.07254061145 58.740477699
737 1195 10.1980390272 6.07254061145 58.748127019
731 1195 10.1980390272 6.07254061145 58.755326082
725 1195 10.1980390272 6.07254061145 58.761220491
719 1195 10.1980390272 6.07254061145 58.764671584
713 1195 10.1980390272 6.07254061145 58.764244633
708 1195 11.1803398875 6.07254061145 58.758224392
703 1196 11.1803398875 6.07254061145 58.744668112
698 1197 10.1980390272 6.07254061145 58.721500331
694 1195 14.0356688476 3.19274734566 58.6866525
689 1195 15.0332963784 3.14248547139 58.638232029
685 1196 16.0312195419 3.1416082362 58.574701198
681 1197 16.0312195419 3.14159292556 58.495039037
677 1198 16.0312195419 3.14159265834 58.398859165
673 1199 15.2970585408 3.35103216391 58.286462997
669 1200 17.0293863659 3.14524806263 58.158819461
665 1201 17.0293863659 3.14165645251 58.017476326
660 1202 17.0293863659 3.14159376709 57.864420431
656 1203 17.0293863659 3.14159267302 57.701911481
652 1205 16.0312195419 3.14159265393 57.532314821
648 1206 16.0312195419 3.1415926536 57.357952674
644 1206 17.0 3.14159265359 57.180982914
640 1207 17.0 3.14159265359 57.003320318
635 1209 16.4924225025 3.35103216383 56.826578213
632 1209 17.0293863659 3.14524806263 56.65203367
628 1210 17.0293863659 3.14165645251 56.480605911
624 1212 16.4924225025 3.35103327733 56.31284226
621 1212 17.4642491966 3.33723429978 56.148908466
618 1213 17.0293863659 3.14500724447 55.988582175
615 1213 17.0293863659 3.14165224944 55.831249336
613 1213 17.0293863659 3.14159369373 55.675904102
611 1213 17.0293863659 3.14159267174 55.521154034
608 1213 18.0277563773 3.14159265391 55.365234774
607 1213 16.4924225025 2.8797932658 55.206041248
605 1212 17.4928556845 2.58346054766 55.041183873
603 1211 18.4390889146 2.96226100148 54.868068677
599 1209 20.2237484162 2.98632560913 54.684036515
598 1209 19.2093727123 2.27116062245 54.486519099
598 1208 21.8403296678 1.85725291078 54.273215206
598 1205 22.0227155455 1.58079256904 53.792332665
594 1203 16.1554944214 1.94992347032 53.522735139
593 1201 15.8113883008 2.20071211519 53.233311606
592 1200 16.1554944214 1.94328981497 52.92431182
591 1199 15.2643375225 2.11332987347 52.596149595
591 1196 14.3178210633 1.76723178195 52.249114706
591 1194 16.1245154966 2.11025708112 51.883086563
590 1191 16.1245154966 2.116244002 51.497306604
589 1188 16.1245154966 2.11634849349 51.090264273
588 1184 15.6524758425 2.02908385461 50.659729379
587 1181 17.0 2.04501409186 50.202930437
586 1178 16.5529453572 2.02783883443 49.716881841
586 1175 17.88854382 2.04499236216 49.19880075
585 1172 18.0277563773 1.90566540753 48.646552628
584 1169 18.0277563773 1.90323369344 48.059054953
582 1165 17.4928556845 2.11263076226 47.436577262
580 1162 18.8679622641 2.58752432859 46.780897338
578 1160 19.2093727123 2.47363973728 46.095302279
574 1159 18.6010752377 2.48910536872 45.384451299
571 1158 18.6010752377 2.48937529491 44.654136638
565 1158 16.1245154966 3.23987158437 43.910985291
561 1160 10.1980390272 6.07546108787 43.162138052
557 1159 10.1980390272 6.07259158338 42.414931107
553 1158 11.1803398875 5.81074211328 41.676573295
548 1154 16.0312195419 3.18817809989 40.953837241
544 1152 17.0293863659 3.14240572301 40.252754343
539 1151 17.0293863659 3.14160684433 39.578326764
535 1151 16.0312195419 3.14159290126 38.934284161
531 1150 15.0332963784 3.14159265791 38.322921838
527 1149 15.0332963784 3.14159265367 37.74505676
523 1149 14.0356688476 3.14159265359 37.200124629
520 1148 15.0 3.14159265359 36.686417821
516 1148 16.0 3.14159265359 36.201436562
512 1148 16.0 3.14159265359 35.742302317
508 1148 16.0 3.14159265359 35.306169378
504 1148 16.0 3.14159265359 34.89057277
500 1148 16.0 3.14159265359 34.493664112
495 1148 15.0 3.14159265359 34.114294608
489 1148 17.0 3.61283155163 33.751974768
484 1149 16.0312195419 3.14981732392 33.406713726
478 1149 16.0312195419 3.14173620117 33.078788203
473 1149 13.0384048104 3.14159515897 32.768494551
467 1150 12.0415945788 3.14159269732 32.475935117
461 1149 13.0384048104 3.14159265435 32.200879258
456 1150 14.0356688476 3.1415926536 31.942721451
450 1149 15.0332963784 3.14159265359 31.700537847
446 1149 15.0 3.14159265359 31.473222575
441 1149 16.6433169771 2.58308729295 31.259669985
436 1147 15.5241746963 2.87498802436 31.058961482
430 1146 16.4924225025 2.88008265321 30.870514703
426 1145 17.8044938148 2.4787458433 30.694165358
420 1143 17.4642491966 2.71608728984 30.530172771
415 1141 19.3132079158 2.75513626457 30.379126361
410 1138 20.2484567313 2.79072438279 30.241788199
407 1136 19.7230829233 2.59935929491 30.118893901
403 1134 19.6977156036 2.71819239169 30.010946153
400 1132 20.0 2.47592032521 29.918034817
397 1130 21.400934559 2.20989249217 29.839710032
392 1127 21.0950231097 2.58922186602 29.774922506
392 1125 23.7065391823 2.0373370519 29.722031466
388 1123 20.8086520467 2.20223777 29.678869277
386 1121 21.4709105536 2.03058290527 29.642845197
383 1118 20.591260282 2.04504025523 29.611070234
380 1115 20.0 2.20237221626 29.580488373
377 1113 19.2093727123 2.205118177 29.548012536
375 1111 19.7230829233 2.11789964046 29.510657462
372 1106 21.4709105536 2.65742945795 29.465671009
371 1106 19.2353840617 2.03852749896 29.4106663
370 1103 18.3847763109 1.95791245194 29.343745106
370 1101 20.0249843945 1.57253301851 29.2635999
367 1097 17.2046505341 2.21157870176 29.169579221
365 1094 16.6433169771 2.11801239789 29.061703031
364 1092 16.1245154966 2.11637935782 28.940621751
363 1088 17.2626765016 1.40076586257 28.807522427
363 1085 16.2788205961 1.40572934343 28.663995253
362 1082 15.1327459504 1.38836267999 28.511880113
362 1078 14.1421356237 1.38805957454 28.353114384
362 1075 14.1421356237 1.38805428435 28.189598389
362 1071 14.1421356237 1.38805419202 28.023098862
362 1068 14.1421356237 1.3880541904 27.855175503
362 1064 15.1327459504 1.38805419038 27.687144178
363 1062 17.2046505341 0.916815292337 27.520065636
363 1057 15.2970585408 1.36237622752 27.354753674
364 1054 14.5602197786 1.26543297774 27.191798522
365 1050 14.3178210633 1.35100746144 27.031603516
366 1046 15.2970585408 1.35250101794 26.874434565
367 1042 15.2970585408 1.35252708542 26.720481705
368 1040 17.8044938148 0.916195227382 26.569930082
369 1034 16.2788205961 1.37981869787 26.423034549
370 1029 17.2626765016 1.40536374644 26.280188741
371 1025 17.2626765016 1.40580959164 26.141977177
373 1021 17.0880074906 1.23128444791 26.009199106
374 1016 17.2626765016 1.40277133472 25.882843212
375 1012 17.2626765016 1.40576434552 25.7640382
376 1009 17.2626765016 1.40581658341 25.653948913
377 1005 17.2626765016 1.40581749514 25.553643629
378 1002 17.4928556845 1.02184507561 25.463946091
379 998 16.1554944214 1.18967641785 25.385291367
381 994 16.4924225025 1.29732538248 25.317603596
382 989 16.5529453572 1.14212457867 25.260208618
384 983 16.5529453572 1.15686910616 25.21178724
386 977 16.1245154966 1.01750010656 25.170367936
387 971 16.1554944214 1.22450716888 25.133353792
389 965 16.5529453572 1.15830695361 25.097578821
391 959 16.5529453572 1.15715154189 25.05939287
393 953 16.5529453572 1.15713137615 25.01478144
395 948 16.4924225025 1.29675736435 24.959529946
396 943 15.2970585408 1.35155417512 24.88942408
398 937 16.2788205961 1.35251055989 24.800504785
400 932 16.2788205961 1.35252725196 24.689349451
401 928 16.2788205961 1.35252754329 24.553353489
402 923 15.2970585408 1.35252754837 24.390975408
403 920 18.6010752377 0.636942555143 24.20190907
405 913 15.1327459504 1.37494481929 23.987157193
407 908 16.1245154966 1.02130624577 23.748997614
408 903 16.1554944214 1.22457359854 23.490852845
410 897 16.2788205961 1.42010750082 23.217087966
411 891 15.2970585408 1.4060669187 22.932767453
413 887 16.1245154966 1.09166259895 22.643397559
415 881 16.6433169771 1.01636203831 22.354668784
416 875 16.2788205961 1.39902023104 22.072210664
417 872 16.5529453572 1.14389948861 21.801342796
417 869 15.1327459504 1.38379288695 21.546832575
417 865 15.1327459504 1.3879798166 21.312662461
417 862 15.2970585408 1.35314630727 21.101825243
417 859 15.5241746963 1.82377724588 20.916174344
417 857 16.2788205961 1.36075240728 20.756357333
417 852 16.4924225025 1.82390999737 20.621852202
416 848 17.7200451467 1.81454032975 20.511109432
415 845 17.7200451467 1.8143767982 20.421783181
414 842 17.7200451467 1.81437394404 20.351018066
413 838 19.2353840617 2.04126669698 20.295748985
411 835 19.2353840617 2.04522672257 20.252972818
407 831 18.6010752377 2.48162815105 20.219955366
404 830 17.4928556845 2.59396454796 20.194355447
401 829 18.4390889146 2.43884555528 20.174285681
398 827 18.8679622641 2.61067114332 20.158288887
395 826 19.3132079158 5.91234235184 20.14526452
392 824 19.6468827044 6.0173847468 20.134360801
388 822 19.7989898732 5.49561930685 20.124847962
385 820 18.3575597507 5.76576546232 20.115983161
382 818 18.3847763109 5.91010674235 20.106873333
378 816 19.3132079158 2.77103331935 20.096340363
374 814 19.3132079158 2.77354854622 20.082794537
371 812 18.7882942281 2.72123256765 20.0641269
367 810 19.4164878389 2.54578655637 20.037637275
363 808 19.3132079158 2.78707054109 20.000018624
360 806 19.2353840617 2.6516554009 19.947426582
358 805 18.8679622641 2.59693208329 19.875643873
356 803 19.2093727123 2.47380393358 19.780334169
353 802 18.6010752377 2.48910823448 19.657386134
352 801 18.7882942281 2.71626814768 19.503299904
352 801 21.0950231097 2.1093675979 19.315564802
348 799 18.6010752377 2.48274762051 19.09297075
346 798 18.6010752377 2.48926433127 18.835804301
343 796 18.7882942281 2.71627087209 18.545900696
340 795 18.8679622641 2.59805983601 18.226550229
336 793 19.2353840617 2.97996909965 17.882282918
334 792 19.2353840617 2.65502211587 17.518572439
332 791 19.7989898732 2.35264474827 17.141504557
329 789 19.7989898732 2.34736726762 16.757447382
326 787 18.7882942281 2.71379430113 16.372748619
322 786 18.3575597507 2.61546990421 15.993459814
320 785 18.3575597507 2.59630052723 15.625092052
317 783 18.3847763109 5.91209153727 15.272398751
314 782 18.3575597507 5.73812768894 14.939189317
311 780 18.7882942281 5.85726449465 14.628188779
307 778 18.7882942281 5.85934382417 14.340965099
304 776 18.7882942281 5.85938011532 14.077945064
301 774 18.0277563773 5.68484782352 13.838529826
298 773 18.7882942281 5.85633458557 13.621304377
295 771 18.0277563773 5.684794669 13.424316735
292 770 18.4390889146 5.57708097753 13.245387787
290 769 19.7989898732 5.48793455637 13.082406095
289 767 18.7882942281 2.72875843965 12.933567697
287 766 18.7882942281 2.72045083282 12.797519395
284 765 17.88854382 2.66794596016 12.673404794
282 764 17.88854382 2.66702957726 12.560817817
280 763 17.88854382 2.66701358336 12.459675238
278 762 17.88854382 2.66701330422 12.370045375
275 760 18.0277563773 2.54484025171 12.291968247
273 759 18.0277563773 2.54270792968 12.225299568
270 757 18.7882942281 2.71720363884 12.169602255
266 756 17.4642491966 2.7202491635 12.124097054
264 754 18.0277563773 2.54576939273 12.087671246
261 752 18.7882942281 2.71725707145 12.058934142
258 751 18.4390889146 2.44099741575 12.036302059
255 749 18.3847763109 2.34890931257 12.018094544
252 748 17.2046505341 2.53928828969 12.002624645
250 746 19.2353840617 2.03646554659 11.988284499
247 745 15.6204993518 2.48147523969 11.973607007
242 742 17.2626765016 2.96048102207 11.957313388
242 742 18.8679622641 2.11362991663 11.93835059
237 739 16.1554944214 2.76207469233 11.915918391
234 738 16.1245154966 2.59885926348 11.889486587
230 735 16.5529453572 2.7181836645 11.858801039
227 734 15.2315462117 2.75517285321 11.823876895
224 732 15.2643375225 2.59873880366 11.784978325
221 731 16.4012194669 2.212036079 11.742586085
218 729 15.6204993518 2.48453952355 11.697356172
214 727 16.1245154966 2.594015361 11.650073898
211 725 16.4012194669 2.47375302717 11.601607384
209 724 17.8044938148 2.20985466568 11.552862784
206 722 17.8044938148 2.20524877038 11.504750952
202 720 16.4012194669 2.48442106266 11.458142369
200 719 17.8044938148 2.21004085802 11.413836081
197 717 17.8044938148 2.20525202005 11.372531794
194 716 17.2046505341 2.20516843906 11.33481104
190 714 16.4012194669 2.2051669803 11.301133376
187 711 16.4012194669 2.48441963516 11.271854178
183 710 15.2315462117 2.71618631619 11.247269031
180 709 16.2788205961 2.96457750315 11.227685733
178 708 16.6433169771 2.55003372671 11.21351894
175 706 17.0293863659 5.40513854619 11.205395688
174 705 16.9705627485 2.34334094123 11.20425377
173 703 18.4390889146 2.43447134816 11.211411136
170 701 18.3847763109 5.49038806479 11.228583379
169 700 18.6010752377 5.32934184692 11.257829733
168 698 19.3132079158 1.94059231131 11.30143407
167 697 19.2353840617 5.18506227666 11.361708797
167 695 18.6815416923 1.81590111012 11.440753397
166 694 18.3847763109 5.07816624953 11.540198157
166 693 18.6815416923 4.99053466112 11.660971376
166 691 18.0277563773 4.72720581357 11.803125482
166 690 18.1107702763 4.54807693297 11.965746569
166 687 18.7882942281 4.28315115642 12.146955645
167 685 19.3132079158 4.3308872069 12.343993164
168 683 18.3847763109 4.33172035816 12.553366097
171 681 16.9705627485 3.93030917143 12.771032075
172 679 16.6433169771 4.16764931985 12.992598456
173 678 15.2643375225 4.15433839436 13.21351933
175 676 14.4222051019 4.15410607489 13.429292187
177 674 14.1421356237 3.92720921739 13.635653712
178 672 13.8924439894 4.16759521544 13.828767137
180 670 13.0384048104 3.68309855203 14.005400651
183 668 13.0384048104 3.69209578255 14.163077826
186 666 13.0 3.51771988865 14.300175858
189 664 12.2065556157 0.634883189376 14.415946701
193 660 13.9283882772 3.52166385653 14.510444107
197 658 14.3178210633 3.34021236519 14.584354911
201 655 15.2970585408 3.33704543924 14.638752048
205 653 14.3178210633 3.33699016595 14.674804503
209 651 14.3178210633 3.33698920125 14.693490938
212 648 14.3178210633 3.52897540213 14.695365669
216 646 14.3178210633 3.34033997574 14.680421097
219 643 14.3178210633 3.52903388418 14.648074534
223 641 14.3178210633 3.34034099644 14.597266066
227 638 14.3178210633 3.33704768427 14.526672919
231 635 14.3178210633 3.33699020513 14.434991571
235 632 14.3178210633 3.33698920193 14.321241211
239 629 14.3178210633 3.33698918442 14.185038678
243 626 15.2970585408 3.33698918412 14.026803338
248 623 16.0312195419 3.14500296639 13.847866495
252 620 15.5241746963 3.35109168502 13.650479754
256 617 15.2970585408 3.33723531919 13.437734755
257 616 16.1554944214 4.33183115362 13.21341829
263 612 14.3178210633 3.3368991595 12.981829659
267 608 16.4924225025 3.33698761289 12.747582729
269 607 15.2315462117 4.33182683033 12.51540253
274 603 13.3416640641 3.33689908404 12.289917549
276 602 14.3178210633 4.33182528521 12.075458538
280 599 13.0 3.5288852748 11.875851326
284 596 14.3178210633 3.34033840272 11.694218695
286 595 15.2315462117 4.33188531264 11.532809012
290 591 15.2315462117 3.52888632247 11.392875328
293 589 13.9283882772 3.5148713462 11.274627318
296 587 13.9283882772 3.51462673872 11.177269365
299 585 14.3178210633 3.51462246952 11.099123552
302 583 15.2315462117 3.514622395 11.037820872
303 582 14.8660687473 3.93350141418 10.990532326
307 579 15.2315462117 3.52193321176 10.954207243
310 576 14.3178210633 3.51474999153 10.925790912
313 574 14.3178210633 3.51462462068 10.902398517
315 573 14.1421356237 3.93350145303 10.881437248
318 570 13.9283882772 3.52193321243 10.860688239
321 567 13.9283882772 3.51474999154 10.838345848
324 565 13.9283882772 3.51462462068 10.813028905
326 564 13.0384048104 3.68915535775 10.783772163
329 562 13.0384048104 3.69220149376 10.750002792
332 559 13.9283882772 3.51772173366 10.711503947
336 556 15.2970585408 3.34014356217 10.668366365
339 554 14.3178210633 3.52903045612 10.620929695
343 551 15.2970585408 3.34034093661 10.569717069
347 548 15.2970585408 3.33704768323 10.515368103
351 546 14.3178210633 3.33699020512 10.458576101
355 543 14.3178210633 3.33698920193 10.400032773
359 540 14.3178210633 3.52897540214 10.340394476
363 537 15.2970585408 3.34033997574 10.280251311
367 534 15.2970585408 3.33704766646 10.220111785
371 531 15.2970585408 3.33699020482 10.16040119
374 529 14.3178210633 3.52897541965 10.101469761
378 526 15.2970585408 3.34033997604 10.043610792
381 524 14.3178210633 3.52903388418 9.987089488
384 522 14.3178210633 3.51487392164 9.932183568
387 520 14.3178210633 3.51462678367 9.87923571
390 518 14.3178210633 3.5146224703 9.828715599
393 515 13.9283882772 3.51462239502 9.781285834
396 513 13.9283882772 3.5146223937 9.737861999
400 510 15.2970585408 3.34008946848 9.699653884
403 508 14.3178210633 3.529029512 9.668174014
407 504 17.4642491966 3.34034092013 9.645197382
411 502 16.4924225025 3.33704768294 9.632686036
414 501 15.2315462117 3.52897642283 9.632637859
417 499 14.3178210633 3.51487291875 9.646922385
420 497 13.9283882772 3.51462676617 9.677103388
423 496 13.0 3.51462247 9.724286389
426 493 15.2970585408 3.34008946981 9.789008732
427 493 14.8660687473 3.93045523999 9.871226425
431 490 13.9283882772 3.52188004599 9.970397316
434 488 13.9283882772 3.51474906361 10.085627666
438 486 14.3178210633 3.34009167929 10.215877449
441 484 14.3178210633 3.52902955059 10.360172159
444 482 13.9283882772 3.514873846 10.517778556
450 479 14.8660687473 3.46226690479 10.87135242
453 477 15.2315462117 3.53116191054 11.066804023
455 476 15.2315462117 3.51491106271 11.273873194
456 475 15.2970585408 3.34009450671 11.490866892
