1485.50481909 2086.67530564 12.0646374186 2.59639659171 191.015942512
1484.85262637 2086.18875212 11.9322713542 2.51830836484 191.38975423
1483.72686387 2085.30171499 11.7415004461 2.4055196799 192.070947458
1482.35881379 2084.14104981 11.5758550202 2.30717735766 193.043771693
1480.91451111 2082.82556892 11.4734641875 2.24583290462 194.286155755
1479.4723513 2081.44460804 11.4273708315 2.21695404902 195.769732864
1478.0581633 2080.05662269 11.4177123541 2.20641507303 197.460015434
1476.67237944 2078.69080534 11.4370817669 2.20326889365 199.316749969
1475.29935353 2077.351076 11.4969223014 2.20200418754 201.298754543
1473.91848542 2076.02605731 11.6188078239 2.20027773023 203.341299003
1472.5205056 2074.70047857 11.8164891807 2.19722865204 205.380359933
1471.11425949 2073.36363182 12.0815073649 2.19394333236 207.365377544
1469.71293135 2072.01102524 12.3841853879 2.19412323881 209.249450345
1468.30856749 2070.63154839 12.6836136031 2.20110694981 210.991170377
1466.85822334 2069.18550661 12.9346182786 2.21180258527 212.556230281
1465.29852549 2067.60659833 13.0984947164 2.21609920968 213.918754767
1463.58401493 2065.8463239 13.1626742724 2.20677991711 215.027889716
1461.7216167 2063.9158904 13.1454632022 2.18880018944 215.909711658
1459.7684096 2061.86954688 13.0714143647 2.17473213133 216.578777867
1457.79027501 2059.75316891 12.9504846105 2.17211076611 217.051106967
1455.81634886 2057.58688068 12.7939860703 2.17803343804 217.348114532
1453.82707078 2055.3916699 12.644689657 2.18401653733 217.495147009
1451.7816526 2053.20791144 12.5736439779 2.18293677138 217.520045741
1449.65905988 2051.07616675 12.6359873154 2.17287425147 217.448815014
1447.48123309 2049.00588064 12.8239094432 2.15845876491 217.31390483
1445.30359588 2046.96980384 13.0603034664 2.14973697625 217.153412497
1443.18364781 2044.93249529 13.2436770764 2.15727605327 216.99183725
1441.15793954 2042.88204676 13.3038086417 2.18492888807 216.851408132
1439.24945474 2040.82848375 13.2159833426 2.22364891991 216.751905926
1437.4931538 2038.78255147 12.9810264325 2.25115664005 216.710514023
1435.94742785 2036.7633259 12.621913746 2.24288047216 216.741692879
1434.67213887 2034.82786156 12.2004727003 2.19033904286 216.8694236
1433.68490565 2033.05943915 11.806272611 2.10854702998 217.096138314
1432.93754725 2031.50977103 11.5099579707 2.0222168404 217.421168583
1432.34578158 2030.16833437 11.3306911817 1.94795168521 217.845509734
1431.84444708 2028.98924941 11.2458209666 1.89148449126 218.367996125
1431.40668341 2027.92574209 11.219893294 1.85326308528 218.985707919
1431.01737289 2026.93500136 11.2263998106 1.8291105231 219.694416071
1430.64992532 2025.97093395 11.2558469512 1.81129282021 220.491321098
1430.27671029 2024.99084085 11.3093097777 1.79675040836 221.379451856
1429.89119781 2023.97656341 11.3828185402 1.79118465146 222.340697854
1429.51399666 2022.95140911 11.4619309465 1.79804315776 223.37018846
1429.18233953 2021.97106851 11.5348396239 1.80389038384 224.463111448
1428.92984013 2021.08370402 11.598988826 1.78130893771 225.614401067
1428.76157607 2020.28610605 11.6406597419 1.71222272214 226.818360883
1428.64302778 2019.51385134 11.615748345 1.60798937066 228.068244095
1428.52417762 2018.67705552 11.4739292953 1.50217981714 229.358236416
1428.38233694 2017.7126093 11.2112526677 1.42370598085 230.672694427
1428.23672096 2016.61152455 10.8894993004 1.37975095115 231.995001352
1428.12086227 2015.40674472 10.5965370799 1.36084821705 233.309397764
1428.05015041 2014.14214343 10.3896474555 1.35455237614 234.598793495
1428.01678195 2012.85057698 10.2741868732 1.35291702237 235.845372297
1428.00450712 2011.54991995 10.2228500007 1.35258211955 237.031295533
1428.00096908 2010.24850072 10.2046121424 1.35252895895 238.139093806
1428.0002127 2008.9507207 10.1995412208 1.35252765067 239.134453639
1428.00043347 2007.66119931 10.1992080464 1.35248730682 240.020905347
1428.00232971 2006.38810001 10.2034208782 1.35221196919 240.792200871
1428.01015825 2005.14233159 10.2217495746 1.35079577093 241.446152098
1428.03551038 2003.92996934 10.281689203 1.34509109934 241.98468489
1428.10131443 2002.74537531 10.4350469706 1.32710935311 242.413719302
1428.2411674 2001.5758592 10.7412224238 1.28264739452 242.742892299
1428.49224613 2000.41376002 11.213905885 1.19607899442 242.979802174
1428.88870798 1999.26132619 11.767545074 1.06258227056 243.144968779
1429.46101784 1998.12999908 12.239530613 0.898047001655 243.332293485
1430.23313783 1997.04736395 12.5051265226 0.734049324349 243.461612913
1431.21055756 1996.06300955 12.5862181965 0.600977577668 243.565585077
1432.37020954 1995.22987321 12.6398020498 0.515327916247 243.701649691
1433.66409193 1994.56381856 12.8296123047 0.477700834626 243.884642889
1435.03089124 1994.01726419 13.1908339263 0.475787051466 244.12719023
1436.40747027 1993.4971201 13.5961484759 0.490194892793 244.451694861
1437.73989729 1992.91744237 13.8458104161 0.503635140394 244.855216393
1438.99192114 1992.24425073 13.8040686538 0.507136759723 245.337638186
1440.14918676 1991.50089901 13.4750061759 0.499011194608 245.896951297
1441.22329724 1990.74040972 12.9804281524 0.482819749442 246.5278404
1442.25303901 1990.01008061 12.4846221373 0.468359174693 247.221784642
1443.29081427 1989.32641194 12.1230603591 0.468470165255 247.967248216
1444.37322545 1988.6722115 11.957794337 0.488661910012 248.750868966
1445.49483741 1988.01977905 11.96548713 0.521091996377 249.551911043
1446.60884615 1987.35941193 12.0649245024 0.55207072487 250.347707518
1447.65901552 1986.70169706 12.1711607109 0.574080611382 251.120536959
1448.62108833 1986.05414648 12.2388637493 0.587967192474 251.854121629
1449.51948359 1985.40761348 12.268151464 0.596082131207 252.534513742
1450.40208944 1984.75159249 12.2804326351 0.598321422756 253.150880811
1451.29756585 1984.09357929 12.2919127055 0.595234099023 253.69615897
1452.20169302 1983.4525711 12.3058637917 0.590972424486 254.15825731
1453.10288445 1982.83610472 12.3234413783 0.591664110426 254.548344747
1454.00598187 1982.23076422 12.355921353 0.604169452494 254.878516898
1454.92288235 1981.60887991 12.4249344984 0.638288539927 255.16049734
1455.84720695 1980.93365144 12.550573659 0.706053245809 255.408110805
1456.74062114 1980.1654761 12.7325362645 0.813335437374 255.636413889
1457.53654826 1979.28373235 12.9354741886 0.95131014404 255.860809511
1458.16224824 1978.3063449 13.098783604 1.09905998188 256.097060237
1458.57318579 1977.27548152 13.1715093258 1.23760071678 256.669558257
1458.77118639 1976.22182286 13.1366506704 1.36352654971 257.07643362
1458.78806777 1975.15264949 12.9997782503 1.48916837607 257.483314713
1458.65708915 1974.07387927 12.7689726292 1.62732865054 258.503000882
1458.40324245 1973.00882883 12.4616726435 1.77387702619 259.721970386
1458.05298739 1971.98741752 12.1245823111 1.90514777635 260.314549155
1457.64561366 1971.02328187 11.8249117153 1.99239026266 260.947635882
1457.23268173 1970.10748291 11.6081513922 2.01949745301 262.114883053
1456.85964008 1969.22077518 11.4677332635 1.99111746859 262.714671442
1456.53969907 1968.34707305 11.3640305461 1.92744824101 263.566346724
1456.2497377 1967.4777855 11.2710439039 1.8489267237 264.189334688
1455.96127386 1966.60962428 11.1970588606 1.76334914664 264.574582795
1455.67695773 1965.74152938 11.1641501435 1.66947592784 264.925147865
1455.43641395 1964.87263195 11.1855126773 1.5708145638 265.24776047
1455.29081206 1964.00036534 11.2706968405 1.47813116663 265.551466963
1455.27233934 1963.11770981 11.4365026837 1.39758094373 265.849384974
1455.37920618 1962.21057721 11.685825002 1.3249147815 266.157357839
1455.58044975 1961.26076006 11.9632564496 1.25623120152 266.487488415
1455.83469701 1960.25940793 12.1463726179 1.1995729319 266.850544505
1456.10811101 1959.22448923 12.1123866142 1.16992052972 267.255255333
1456.3759078 1958.20115104 11.8323425843 1.17395575818 267.707729762
1456.61280916 1957.23228221 11.3976869666 1.20411760348 268.211015388
1456.79386991 1956.32085218 10.95266186 1.24641685238 268.768618214
1456.90834534 1955.42389363 10.6042537447 1.29021619093 269.3745316
1456.96631643 1954.48648623 10.3857006573 1.33277309266 270.015457793
1456.98809268 1953.47976726 10.2800225529 1.37956186712 270.681088113
1456.98847742 1952.41080961 10.2631635662 1.44002012656 271.360169976
1456.96812039 1951.31133439 10.3297056809 1.51766536419 272.041268911
1456.91416806 1950.22353667 10.4868194402 1.60101545897 272.816841316
1456.81120388 1949.18443019 10.7275316279 1.66701353121 274.083613698
1456.6611474 1948.21112991 11.0154803949 1.69897030882 274.668061873
1456.49784091 1947.3004457 11.3090519299 1.70125114586 275.659734354
1456.37551281 1946.44378058 11.605477799 1.68969054702 276.644043034
1456.33503946 1945.6381444 11.9507519166 1.66439704698 277.596053765
1456.38225045 1944.87641127 12.392147389 1.59954021186 278.367506044
1456.5017701 1944.12542966 12.9117957854 1.4695701674 279.037323704
1456.68541186 1943.32174993 13.3974154373 1.28619153437 280.204697888
1456.93953425 1942.40275344 13.6858154577 1.10220395133 281.564321981
1457.27051816 1941.34872967 13.6712656361 0.973251334598 282.355853376
1457.67468944 1940.19334878 13.394979602 0.916839569456 283.153013538
1458.14167123 1938.99369264 13.014796059 0.910297882858 283.983510097
1458.65790306 1937.79081676 12.6790946182 0.923085323766 284.84066053
1459.2055783 1936.5921432 12.4426184756 0.943018455907 285.717869828
1459.76412135 1935.38184268 12.2937516776 0.973436100094 286.609224233
1460.3085105 1934.14042385 12.2181283732 1.01951518413 287.510009223
1460.78944817 1932.84786205 12.2089692872 1.08818430843 288.4179009
1461.1059294 1931.46708065 12.2365926857 1.19640243733 289.331553643
1461.11235079 1929.94104451 12.2408541952 1.36624499931 290.251862836
1460.68677082 1928.24084247 12.1636279996 1.60393665034 291.180482541
1459.82463696 1926.44162451 11.9905896183 1.88351252806 294.920803718
1458.66969224 1924.73397029 11.7639241337 2.15553712047 300.620943929
1457.43250347 1923.32108346 11.5531481422 2.37735677393 301.455266377
1456.26282822 1922.28972716 11.4125138924 2.53757838825 302.257048371
1455.19060664 1921.58015079 11.3663114757 2.65195784114 303.028368736
1454.16633584 1921.06054703 11.4187242389 2.73760653637 303.779816875
1453.13773671 1920.61450472 11.5520667425 2.79287765498 304.517731405
1452.09737812 1920.17600446 11.7162516266 2.80035640672 305.247862426
1451.07919138 1919.71064419 11.8528869543 2.74743792868 305.974688944
1450.11626852 1919.17876777 11.9449859734 2.64467468983 306.700870091
1449.19775847 1918.52400559 12.0196223507 2.52468075064 307.426852345
1448.26689162 1917.69896459 12.090578324 2.42200259133 308.149667034
1447.26405955 1916.69840188 12.1252669273 2.35366513063 308.863028861
1446.17131688 1915.56637351 12.085233647 2.31725793889 309.56024239
1445.01563941 1914.36833764 11.9799808846 2.30066426817 310.233986632
1443.83551904 1913.14782241 11.8603825172 2.28951531514 310.877148781
1442.65056298 1911.90767695 11.7652000351 2.27244679658 311.48342309
1441.46224826 1910.6351673 11.6928020714 2.2477975506 312.047834676
1440.27564176 1909.33718373 11.6291149969 2.2242611228 312.566603593
1439.10927985 1908.04255724 11.5860274189 2.21234188663 313.032002925
1437.97881179 1906.77618111 11.598174197 2.21600294337 313.454405191
1436.87531231 1905.53968986 11.6841445356 2.23095739539 313.838591378
1435.76720828 1904.31973175 11.8178460768 2.24867946399 314.191035866
1434.6272307 1903.11925515 11.9394807361 2.26586114608 314.519616953
1433.45531324 1901.98251936 11.9935172791 2.29373807785 314.833282737
1432.27349882 1900.97991331 11.9551310853 2.35354786527 315.141684042
1431.10288438 1900.16014081 11.828426513 2.45702995023 315.456364326
1429.95265466 1899.52061944 11.6364213638 2.59178684159 315.790008482
1428.83069149 1899.02528179 11.4142166155 2.72717544765 316.150348597
1427.75261009 1898.64137353 11.1959799275 2.83257842923 316.544102457
1426.73008636 1898.35299621 11.0037212873 2.89094847317 316.976151671
1425.75113146 1898.14512685 10.8562733644 2.90158252864 317.449309334
1424.77404709 1897.98484094 10.7871231876 2.87550663371 317.964196107
1423.73957754 1897.82471135 10.8491672069 2.8269772851 318.519243991
1422.59351376 1897.62537194 11.1103791912 2.76475160642 319.115507747
1421.31387969 1897.37040354 11.6391902877 2.68904811341 319.740243592
1419.93274208 1897.05440538 12.4568191786 2.59744862863 320.386198102
1418.53657336 1896.65822716 13.4719370845 2.49328160816 321.419096086
1417.24078636 1896.14206459 14.4702751631 2.38469077452 322.491326953
1416.15994202 1895.4597087 15.1880292123 2.27415278581 323.333935439
1415.39172771 1894.571979 15.4130475763 2.1525496635 324.620557251
1414.99681013 1893.45698204 15.0602792398 2.00785511174 325.306173947
1414.96002178 1892.13563312 14.2108916149 1.84101571749 326.006689611
1415.17126307 1890.69766311 13.0964632612 1.67252635409 327.936249722
1415.46950852 1889.27920446 12.0070247237 1.53163170466 329.257772118
1415.72362869 1887.98831271 11.1627955475 1.43797232081 330.062600449
1415.87916087 1886.84450185 10.6403683686 1.39366394447 330.873749581
1415.94019561 1885.78419415 10.4022351412 1.39109154388 331.6825433
1415.91895315 1884.71438953 10.3852947694 1.42378114569 332.480108393
1415.80043558 1883.56993642 10.5604937283 1.48759551916 333.254944014
1415.54576272 1882.34664431 10.9120833405 1.57537010312 334.003973449
1415.12724535 1881.09531027 11.3670470536 1.6768476967 334.728369678
1414.55734896 1879.87777749 11.7721842021 1.78485814567 335.432133324
1413.87508807 1878.71818807 11.980506565 1.89590974608 336.122345881
1413.10835624 1877.59178015 11.9752614611 2.00255473283 336.808444248
1412.27104337 1876.45353995 11.8987278037 2.09117604703 337.501287027
1411.4003587 1875.26772063 11.9666007854 2.15126153992 338.213256766
1410.57030384 1874.01143956 12.3611837706 2.18356608922 338.959111713
1409.84665977 1872.66958572 13.1599068679 2.19723252376 339.741607788
1409.22818524 1871.24383606 14.2949312554 2.20164657382 340.562290885
1408.63762116 1869.76351822 15.5677080515 2.20142285415 341.418845866
1407.97787214 1868.27875766 16.7481599228 2.19475781747 342.305229721
1407.21189114 1866.84281152 17.711440438 2.17155361356 343.212023179
1406.40184534 1865.49669339 18.5121126021 2.11222808285 344.126983649
1405.67464148 1864.25869005 19.3311317919 1.9940819711 345.032595643
1405.14596811 1863.12372966 20.3162508261 1.80903330221 345.909670517
1404.86720753 1862.07659149 21.4354089222 1.58023041699 348.914851472
1404.82418349 1861.10631148 22.4832808019 1.35586638796 350.620576824
1404.9602038 1860.20986501 23.2376561038 1.17911128839 350.923488838
1405.19254923 1859.3842348 23.5969675882 1.06264768247 351.174377085
1405.43027846 1858.60354209 23.5677804246 0.992018933896 351.381079634
1405.60464886 1857.78957031 23.1551040624 0.948670507697 351.550600073
1405.69173427 1856.82066591 22.3080641159 0.925075351268 351.686618643
1405.71451408 1855.60956625 20.9999628338 0.91923112561 351.800114943
1405.75170368 1854.18415502 19.3526952798 0.92085132984 351.895531436
1405.95172978 1852.67161929 17.6457543792 0.909332489718 351.97718505
1406.4970591 1851.20361124 16.2111902981 0.868135574087 352.049731057
1407.49131684 1849.85873947 15.368364038 0.803783347938 352.249018146
1408.82939365 1848.68584289 15.4226977555 0.754534611311 352.874266125
1410.16521328 1847.72764013 16.5531715328 0.778076747063 353.175951001
1411.0735284 1846.95642526 18.5255175817 0.917169934071 359.676692534
1411.3461649 1846.16047612 20.51659868 1.1634801258 362.17159097
1411.14274133 1844.95937348 21.4300183627 1.45421995539 363.309403432
1410.7899989 1843.04880504 20.6300575645 1.71106674095 364.460135346
1410.44421423 1840.47041419 18.4415095284 1.88462358814 365.968032301
1410.00357986 1837.59188564 15.8716402498 1.96676430753 368.065798753
1409.30152323 1834.81049686 13.8348562254 1.97717099675 369.166964264
1408.29459894 1832.30813903 12.6454542749 1.9482926356 370.220826684
1407.07513144 1830.05488097 12.1068585196 1.91214427118 371.222394874
1405.77585198 1827.94843433 11.8849205816 1.88796186782 372.164524756
1404.48634074 1825.91587681 11.7597141208 1.88282334767 373.041968305
1403.22890975 1823.9430882 11.6523029618 1.90657468887 373.852011327
1401.9804631 1822.07138888 11.548750086 1.9787899468 374.594634202
1400.70720065 1820.37831445 11.4400657502 2.11450588953 375.272527601
1399.39804528 1818.94466871 11.3042407382 2.30428344585 375.887565155
1398.08630511 1817.82307819 11.1172042564 2.51149173705 376.448391497
1396.83675412 1817.02263045 10.8797583038 2.69144825054 376.971875138
1395.70020601 1816.51006306 10.6319400487 2.81641123595 377.46926451
1394.680617 1816.22165439 10.4283559081 2.88573763052 377.952286128
1393.744613 1816.08225388 10.2982839713 2.91638826386 378.432771158
1392.85249325 1816.0255878 10.2344504476 2.92716127124 378.922286148
1391.97779436 1816.00655947 10.2137298965 2.93016360209 379.448153887
1391.1084018 1816.00141154 10.2212303038 2.9308230028 380.585479562
1390.24021773 1816.000742 10.2599608732 2.93093806719 381.29174035
1389.37199883 1816.00312141 10.3465318892 2.93094807308 381.975043582
1388.50247341 1816.01415683 10.4994925874 2.93094847269 382.70009421
1387.62801694 1816.05177656 10.7324505453 2.9309524711 383.460482517
1386.73981324 1816.15342736 11.0663878985 2.93098148959 384.246814015
1385.82375928 1816.37193674 11.5494172719 2.93115687744 385.047113265
1384.86979419 1816.74608304 12.2389762914 2.93192516256 385.846608139
1383.89204455 1817.25526925 13.1273120514 2.9347776678 387.331293362
1382.94263124 1817.80097127 14.0780001696 2.94356673384 388.165943811
1382.09508814 1818.24779375 14.8636082687 2.96558103866 388.795452177
1381.39842142 1818.50132254 15.2965052954 3.00932606273 389.363882516
1380.83634482 1818.56380071 15.3471068092 3.07615312239 389.871621321
1380.32769 1818.52821939 15.1602848436 3.14992142912 390.323423559
1379.77615207 1818.51267942 14.9633959313 3.19676863467 390.728366125
1379.14211436 1818.5783988 14.9369465222 3.17994498436 391.098471322
1378.48616084 1818.69490638 15.1562423874 3.07626006098 391.796857829
1377.94461973 1818.77169316 15.6319169226 2.88140147384 392.302366413
1377.64471391 1818.70280866 16.3516322665 2.61251182225 392.774112737
1377.60155017 1818.38425726 17.2303781223 2.31622561749 393.638032591
1377.65367919 1817.73833387 18.0194713078 2.06394355881 394.823036355
1377.50291558 1816.77321158 18.3230432761 1.9173774164 395.819146869
1376.88443365 1815.61557888 17.8092917953 1.88907852611 397.814789346
1375.76587245 1814.44454545 16.4916701051 1.93954988704 398.932746033
1374.38613266 1813.37691181 14.7887970259 2.01239742588 400.051069951
1373.07533818 1812.42178695 13.2481822268 2.06983426817 401.15597861
1372.03300563 1811.52678112 12.1998038465 2.10124383074 402.217885705
1371.26050839 1810.63742344 11.6626401398 2.11064249112 403.209695977
1370.64260848 1809.71706358 11.5016225515 2.10267432313 404.108378494
1370.05034348 1808.74607225 11.6049394834 2.07857897681 404.896241536
1369.39876489 1807.72995482 11.9266646121 2.04205541239 405.549536043
1368.66913289 1806.70998874 12.4157271832 2.00699316991 406.067136811
1367.90044037 1805.75057225 12.9447783471 1.99735416681 406.464548836
1367.1433294 1804.90174578 13.3261700322 2.03598369314 406.751370487
1366.40874629 1804.16956942 13.4050943346 2.1299085396 406.940127172
1365.65628505 1803.52482191 13.148719332 2.26348268869 407.045173997
1364.823708 1802.93860599 12.6656082372 2.40564272563 407.081681806
1363.86540758 1802.40658149 12.1361235555 2.52763442439 407.064734663
1362.77446202 1801.94331156 11.6996064038 2.61770458708 407.004696941
1361.57914241 1801.56233211 11.3932605889 2.68033753338 406.922419987
1360.32090942 1801.26004848 11.1849794757 2.72359770073 406.827691925
1359.03352324 1801.00850351 11.0416950473 2.74996198433 406.728348549
1357.73658778 1800.76204853 10.9618826994 2.75816838513 406.63048364
1356.44068945 1800.4795564 10.966461713 2.7492249222 406.538539492
1355.15468113 1800.14681652 11.0769729399 2.7289033739 406.455424746
1353.88936161 1799.78191555 11.2925873147 2.70782955314 406.383411784
1352.65520911 1799.42705412 11.5751044 2.70040420027 406.322768913
1351.4561107 1799.13821696 11.8679678497 2.71882714337 406.271133543
1350.2887527 1798.97166088 12.1467119914 2.76445321514 406.226802539
1349.15348678 1798.96191445 12.4418281701 2.82702235486 406.18782666
1348.06501736 1799.10089875 12.7867559113 2.89661733385 406.152216521
1347.04628564 1799.33765305 13.1404559757 2.97655139836 406.118122999
1346.11025363 1799.6068218 13.3830901481 3.08114531048 406.083979856
1345.24696376 1799.87096778 13.4063414612 3.21813266588 406.048241145
1344.42286908 1800.14661184 13.2092333015 3.37428054484 406.010288408
1343.59341446 1800.49162623 12.900504093 3.52110566891 405.969933849
1342.72871487 1800.96237889 12.6129679322 3.63448891681 405.927101406
1341.83676851 1801.57588686 12.4254772091 3.70682790333 405.881759636
1340.95827979 1802.30338895 12.3536000476 3.74270551201 405.833828051
1340.13070228 1803.08864136 12.3792442358 3.74778932456 405.776603579
1339.35047958 1803.86624022 12.4663398312 3.72262435334 405.663822931
1338.56713415 1804.56966822 12.5592134209 3.6643696239 405.597561107
1337.71765568 1805.1390969 12.5960808206 3.57290183626 405.52816147
1336.7702478 1805.53540253 12.5467096222 3.45450428258 405.453029345
1335.73042832 1805.74824155 12.4393162068 3.31836242452 405.372102959
1334.60504687 1805.78493024 12.345245474 3.16951615741 405.28565032
1333.37723878 1805.65122296 12.3355847996 3.00836185428 405.19428066
1332.03250698 1805.34732657 12.4460596957 2.83949819099 405.0944453
1330.60073503 1804.8795727 12.6651423702 2.67821045126 404.89663007
1329.15143081 1804.26558232 12.9434153821 2.54263667333 404.786860672
1327.74804716 1803.52694277 13.2229243234 2.43894579134 404.688564042
1326.42546361 1802.68759357 13.4718948764 2.35838467135 404.591193013
1325.20922109 1801.78123476 13.6950459077 2.28874694143 404.494092853
1324.12888262 1800.847555 13.9099365334 2.22447735233 404.395941773
1323.19771888 1799.91291517 14.1158746433 2.16685821994 404.294793648
1322.38854128 1798.97772965 14.2866040651 2.11997809559 404.187968152
1321.64237507 1798.02498006 14.3889118165 2.08627292789 404.070861215
1320.90807977 1797.03768907 14.4029203825 2.06073594214 403.941784446
1320.17197923 1796.00389244 14.3188318737 2.02949356372 403.798793517
1319.44155975 1794.90592686 14.1186357326 1.97834493646 403.640743319
1318.7062752 1793.71353402 13.7842805033 1.90333588218 403.46740275
1317.93591314 1792.39474968 13.3459986069 1.81182349742 403.279492267
1317.12510394 1790.93227696 12.9085062144 1.71757370111 403.078644306
1316.32446988 1789.33166985 12.5923706135 1.63872078542 402.866626157
1315.61577383 1787.62499158 12.4383543786 1.59271398858 402.647697492
1315.05555914 1785.86788929 12.3833622197 1.58185224911 402.425865405
1314.63842653 1784.1173145 12.3274891717 1.585645543 402.204180886
1314.3079987 1782.39911139 12.210411865 1.57818112448 401.985447441
1314.00408225 1780.69726302 12.0364026578 1.55539122996 401.772213307
1313.70483183 1778.98034823 11.8596769098 1.53895614365 401.566817813
1313.42833945 1777.23993491 11.7548381508 1.55223661995 401.371484704
1313.1949914 1775.49843119 11.7745840147 1.5989336799 401.191302067
1312.98267273 1773.7799994 11.9111184191 1.66867037697 401.027074695
1312.7074304 1772.08855269 12.0948748482 1.75756480595 400.881726418
1312.24393199 1770.42550333 12.2309781162 1.87323742747 400.75846264
1311.48219648 1768.82030408 12.2435994241 2.01657678217 400.660726229
1310.39376688 1767.32762574 12.1110446442 2.16673200396 400.592133589
1309.05666941 1765.99205927 11.8802336428 2.29191112665 400.556404049
1307.60735919 1764.81785181 11.6392679739 2.37280887262 400.560532163
1306.15648131 1763.76542588 11.4598039193 2.41120019568 400.610574054
1304.74199532 1762.76891403 11.3615684578 2.41981188467 400.70679871
1303.34752444 1761.7649139 11.3239075062 2.41159873013 400.853545057
1301.94923457 1760.72274867 11.3161726666 2.39856366207 401.055506485
1300.54522023 1759.65900885 11.3164025686 2.39281181509 401.317720175
1299.15235762 1758.6197682 11.3168631747 2.40188136792 401.645470183
1297.78630755 1757.64035768 11.3252980346 2.42308516294 402.0440909
1296.44961588 1756.71513632 11.3633839737 2.44483168499 402.53112299
1295.1344594 1755.79529581 11.4564448717 2.45377114288 403.10060084
1293.82533439 1754.80778464 11.6113631621 2.44243797155 403.751117943
1292.48597141 1753.67887548 11.7940527712 2.41535092665 404.480157358
1291.03620076 1752.3448819 11.9369527765 2.38877532445 405.281788842
1289.35356089 1750.7456667 11.9858072595 2.37951389217 406.146428647
1287.3320022 1748.82021785 11.9399835447 2.38854291222 407.060808454
1284.96407628 1746.52593245 11.834029099 2.39659173373 408.008566417
1282.35339681 1743.87703475 11.6870738464 2.38402561857 408.964397834
1279.62916894 1740.967704 11.4960794234 2.35836889148 409.902541561
1276.8585566 1737.94017994 11.276379929 2.35219927153 410.802120015
1274.04895926 1734.90624476 11.0750415364 2.385192109 411.644316486
1271.2075982 1731.89308892 10.9335123647 2.43547062458 412.413398641
1268.37116245 1728.86722727 10.855337439 2.45885243866 413.097561339
1265.5821994 1725.80031226 10.8142895491 2.43349403652 413.689563645
1262.85485101 1722.7015452 10.7807422015 2.37693800035 414.175626443
1260.16985997 1719.59673798 10.7396686762 2.32060007786 414.569423479
1257.5000561 1716.49687213 10.6975685357 2.27749153642 414.88575724
1254.84377152 1713.39590498 10.6794648088 2.23772115548 415.137809548
1252.24238465 1710.29463391 10.710377153 2.18830052721 415.340868801
1249.76878999 1707.2213978 10.7894489441 2.12994968055 415.511479556
1247.49274855 1704.22488537 10.8817614949 2.07413008779 415.666618824
1245.44906198 1701.34268943 10.9417703804 2.02927041425 415.823488995
1243.63039768 1698.57601161 10.9475735855 1.99518333134 416.003296293
1242.00018446 1695.89316659 10.9120491602 1.96867036221 416.217878402
1240.50715122 1693.25125698 10.8630286364 1.94824604938 416.476907825
1239.09417712 1690.61129609 10.8178902168 1.93281095986 416.787515449
1237.70829216 1687.94076101 10.7781532808 1.92012235539 417.154237183
1236.3148909 1685.21721347 10.7433194131 1.90920101341 417.579015827
1234.9078901 1682.4407834 10.7230229166 1.90282993313 418.061254982
1233.50286618 1679.64224801 10.7326086536 1.90588342709 418.60282747
1232.11328885 1676.87078651 10.7812375095 1.92201696343 419.194039166
1230.72714095 1674.17262069 10.8700343292 1.95433841575 419.822546968
1229.29924133 1671.59037178 10.9984827015 2.00997584546 420.478874683
1227.7414319 1669.19206274 11.1607894312 2.10134211537 421.1529853
1225.87160642 1667.10431785 11.3319793151 2.23843173859 421.834825195
1223.30488741 1665.52115663 11.4735130308 2.41547210785 422.514881351
1219.38443945 1664.67315814 11.5812962304 2.6053787038 423.184664536
1213.39247754 1664.73708845 11.7333365585 2.77246447514 423.833686292
1205.14626058 1665.68564461 12.0508844915 2.89311798736 424.461205017
1195.53845571 1667.17859592 12.5803570804 2.9637260247 432.55987717
1186.29742223 1668.65678376 13.2264394811 2.99147359616 437.952229987
1178.95703929 1669.63238323 13.8127538227 2.98186279171 438.20301254
1173.98928722 1669.93139289 14.1939925879 2.93587634785 438.45703092
1170.8572115 1669.68615519 14.3239100068 2.85891092306 438.712356655
1168.68957255 1669.14447044 14.2618898436 2.77060170742 438.964026892
1166.83624034 1668.49302102 14.1261913246 2.69875910827 439.203404747
1165.0054837 1667.79585813 14.0141507848 2.6581173756 439.42287427
1163.14399595 1667.02658776 13.9517060009 2.63778962913 439.614221278
1161.28007852 1666.13583579 13.9171718142 2.61321796282 439.76947932
1159.43366922 1665.10461716 13.8987846627 2.56841480263 439.881369667
1157.6068903 1663.95687722 13.9128207023 2.50625625204 439.943656074
1155.81258908 1662.73688739 13.9632668013 2.44314541728 439.951401488
1154.08815519 1661.47665455 13.9928112605 2.39730451696 439.891574148
1152.47484176 1660.17748603 13.8919855854 2.37715776183 439.770431356
1150.98821556 1658.81831185 13.5834041938 2.3738521349 439.588949565
1149.6146612 1657.38306172 13.112056742 2.36364167695 439.347395109
1148.33296459 1655.87922611 12.644053936 2.31935143996 439.046180534
1147.13430526 1654.33143253 12.3647960172 2.22315835048 438.685605587
1146.02928961 1652.76700189 12.3719872141 2.0750297141 438.265686169
1145.05031187 1651.21005853 12.642290037 1.89485697448 437.782649483
1144.24704911 1649.67563934 13.0620939849 1.71592028273 437.23205767
1143.66124124 1648.16020524 13.4864093614 1.57042714209 436.621671099
1143.2918407 1646.64626991 13.8030094917 1.47550673169 435.953540608
1143.08581888 1645.1240376 13.9664163261 1.43006303725 435.231999393
1142.96717065 1643.60196945 13.9789387612 1.42235106961 434.464232509
1142.87930616 1642.0902669 13.8518861981 1.43750690774 433.660697692
1142.8085891 1640.58244556 13.5970860189 1.45910361614 432.835363462
1142.77321652 1639.06375394 13.2498306682 1.47111094222 432.009071137
1142.78663695 1637.53254845 12.8799663918 1.46600638423 431.208930781
1142.827594 1635.99735494 12.5631111461 1.45171310168 430.457789328
1142.83832721 1634.4442183 12.3351026115 1.44770463947 429.777816662
1142.73482185 1632.80557525 12.1703089091 1.4722838389 429.189311407
1142.40635827 1630.95589805 11.998203535 1.52913049222 428.709618496
1141.71726038 1628.73807989 11.7459685041 1.60055779375 428.352227936
1140.53955185 1626.01866977 11.3880444263 1.65578679341 428.130489111
1138.81083601 1622.75363034 10.9716586437 1.67331941558 428.063014291
1136.57223004 1619.0162369 10.5886966753 1.65688949682 428.126382252
1133.94951494 1614.95573007 10.3117531345 1.62759895094 428.312986714
1131.09230343 1610.72149342 10.1542144366 1.60368217252 428.612465988
1128.1194224 1606.41403146 10.0836232134 1.59062352831 429.012395166
1125.10083576 1602.08240358 10.0586804021 1.58543579853 429.498906232
1122.06828586 1597.74453425 10.0518418212 1.58393415136 430.057229926
1119.03273878 1593.4055736 10.0511625059 1.5838386581 430.676170074
1115.99718074 1589.06754153 10.0549290435 1.58489736535 431.334005197
1112.96496729 1584.73524205 10.0702565769 1.58866052816 432.012824774
1109.94823477 1580.42567451 10.1165114603 1.59821962448 432.699671174
1106.98112613 1576.18629528 10.2259667521 1.61629349998 433.383151899
1104.13639494 1572.1160384 10.4271450457 1.64090213701 434.053821001
1101.53009779 1568.36461528 10.7094519898 1.66335247299 434.704521225
1099.29494184 1565.08596694 11.0037140939 1.67445474026 435.330459759
1097.52572951 1562.36451685 11.2214675701 1.67388718966 435.92591155
1096.2330894 1560.17524742 11.3279052713 1.66936597844 436.497253035
1095.34267948 1558.41016555 11.361760628 1.6667773216 437.04758153
1094.73718505 1556.93559486 11.3797678698 1.66650533031 437.579767962
1094.3032245 1555.63322135 11.4059758826 1.66762167245 438.09530377
1093.95385405 1554.418052 11.4386035129 1.66890173467 438.593203938
1093.63093339 1553.24222096 11.4752828779 1.66804685626 439.069034104
1093.3017848 1552.08573561 11.5184704183 1.66535142628 439.509857605
1092.95373841 1550.94387508 11.5716667194 1.66560947 439.895908384
1092.5882488 1549.82367484 11.6345530609 1.67608511958 440.21092401
1092.21203511 1548.74066762 11.7014550995 1.70999092305 440.434505016
1091.81574831 1547.70283761 11.773811153 1.79008021167 440.546971624
1091.35469668 1546.69660661 11.863717824 1.93393641037 440.531145083
1090.76901326 1545.69964862 11.9581116959 2.12878725062 440.188243772
1090.03585659 1544.71603598 11.9953363938 2.32922874029 438.775248015
1089.19201675 1543.79628597 11.9191116787 2.48771764046 437.995894703
1088.30062614 1543.01154366 11.749023072 2.58544010534 437.121387527
1087.40652748 1542.40032207 11.5651789576 2.63322710593 436.175570544
1086.52401035 1541.94230217 11.4324909565 2.65213853298 435.179979479
1085.65058657 1541.58283468 11.3612512758 2.65922269422 434.154954282
1084.78117272 1541.27291971 11.3248681828 2.66471383437 432.864776923
1083.91297018 1540.98544283 11.2895062453 2.67421011079 430.933343465
1083.04504505 1540.71271208 11.2277647815 2.6927157194 429.970303529
1082.17712593 1540.46479252 11.1242692176 2.72593010403 429.064389826
1081.30890825 1540.2638375 10.9870586089 2.77458396408 428.221169585
1080.43920771 1540.12664985 10.856414779 2.82941151482 427.44944162
1079.56385719 1540.05058917 10.7880209084 2.87670689322 426.756455489
1078.67191914 1540.01794045 10.8107955529 2.90927316585 426.147521015
1077.74248243 1540.01155704 10.9001556994 2.93100053326 425.625633421
1076.74803144 1540.0269469 10.9968540625 2.95320451977 425.191144214
1075.66726162 1540.07589937 11.0502715343 2.98819441837 424.852062603
1074.49898407 1540.18181467 11.045184923 3.04304860909 424.591943588
1073.26306969 1540.36639066 10.9997813146 3.11516218055 424.398002684
1071.98742854 1540.63256018 10.9469137519 3.19259573458 424.25956741
1070.69428577 1540.95578961 10.9118680436 3.2588646998 424.165327345
1069.39561563 1541.2918065 10.9006591152 3.29795170906 424.103947161
1068.09556296 1541.59778611 10.9073188701 3.30018969371 424.064618257
1066.7939275 1541.8553534 10.9251131762 3.27143914469 424.03761608
1065.4878413 1542.0780338 10.9416678346 3.2352473182 424.013151165
1064.16964398 1542.29204205 10.9301645109 3.21488540003 423.98372132
1062.81981987 1542.50551681 10.8639920275 3.2090043406 423.944632286
1061.39873656 1542.6983954 10.7490071781 3.19227670322 423.891893015
1059.846654 1542.84158693 10.6385953879 3.14377454093 423.82180223
1058.09967499 1542.91813374 10.6107333154 3.06914378912 423.730546403
1056.11749788 1542.91983438 10.7165655907 2.99281466101 423.61382707
1053.90498047 1542.82660908 10.9302632781 2.9350977488 423.462021548
1051.51001254 1542.59897521 11.1422423787 2.90074384865 423.268205054
1048.99892399 1542.2031258 11.2228098975 2.88407668577 423.026786815
1046.42886291 1541.65111366 11.118037473 2.87804709839 422.729714751
1043.83507654 1541.01159687 10.8874983681 2.8777267484 422.368928971
1041.23376357 1540.37075703 10.6459186072 2.87950303418 421.936768067
1038.63058019 1539.77899922 10.4750090701 2.88054011761 421.426369778
1036.02711835 1539.23368303 10.3885383834 2.87967357999 420.830967154
1033.42382965 1538.70506282 10.3571421362 2.87802625481 420.132428073
1030.82148379 1538.17385444 10.3462985517 2.87792288423 419.344224862
1028.22132854 1537.65067399 10.337283535 2.88042760612 418.468069159
1025.62353588 1537.17347332 10.3314713126 2.88264293476 417.508091579
1023.02367067 1536.80227629 10.3478475812 2.87454229048 416.471006177
1020.41698308 1536.63063081 10.413669596 2.8354911611 415.366240312
1017.83052776 1536.80346474 10.5389870365 2.73598083221 414.206003804
1015.37707393 1537.49992892 10.6854358919 2.5523713453 413.00378449
1013.26340845 1538.85285998 10.7725600649 2.29026475075 402.084825378
1011.69259299 1540.84862873 10.7397675739 1.99453977929 396.515071097
1010.72629133 1543.30826325 10.6031384028 1.72871046695 394.108394016
1010.24939972 1545.98699338 10.4377869128 1.53777928108 392.46605806
1010.0656554 1548.70159223 10.3103009038 1.42813913002 390.728204723
1010.0121956 1551.37760681 10.2396278172 1.37783014696 388.929999568
1010.00116556 1554.01318497 10.2102485872 1.35939780948 387.112847394
1009.99979252 1556.62678453 10.2010094544 1.3539763976 385.336282808
1009.99931909 1559.23080784 10.1993763494 1.35247538524 383.647512228
1009.99648262 1561.82741875 10.2016177695 1.35122462201 382.081844547
1009.98333882 1564.4121538 10.2105496725 1.34774378866 380.666785468
1009.9361346 1566.98240288 10.2359068714 1.33793472031 379.420513698
1009.79980439 1569.5521182 10.2966699949 1.31471722496 378.351407417
1009.47999704 1572.16031686 10.4190681851 1.26992592018 377.458162131
1008.86413379 1574.84868541 10.6220381118 1.20224770908 376.739634914
1007.87541571 1577.61487636 10.8917977144 1.12743063431 376.177244715
1006.52188484 1580.39961269 11.170545154 1.07670482231 375.726528891
1004.88972176 1583.14259313 11.3845472163 1.07479578056 375.360618045
1003.08276634 1585.84589072 11.4941243498 1.11543864622 375.053134751
1001.16841505 1588.56514946 11.5201028567 1.16229966441 374.779572366
999.174845038 1591.34757722 11.5283312261 1.17594049929 374.518415582
997.121125944 1594.19449396 11.584041322 1.1413045857 374.251989699
995.036293782 1597.07300839 11.699433657 1.07545978833 373.963051837
992.952592755 1599.94769738 11.8214467432 1.01175922356 373.645272071
990.88934304 1602.80305508 11.8877034884 0.972396063156 373.29789191
988.848030417 1605.6373464 11.8918653077 0.955185044723 372.922361096
986.82344172 1608.43615659 11.8838630141 0.945293898298 372.522224604
984.817356505 1611.16608111 11.9253343943 0.92843539917 372.102300964
982.840937455 1613.79006366 12.0585029655 0.88799554132 371.667876397
980.910794693 1616.25301111 12.2863503409 0.805425378599 371.223704667
979.048981385 1618.44494404 12.5563622212 0.675556700404 370.773558356
977.28365351 1620.22170429 12.7859132719 0.513598827634 370.319788281
975.642179108 1621.4934423 12.9289470319 0.342179424226 369.861773269
974.137104148 1622.28829435 13.0109906609 0.179062974058 369.397499785
972.755510254 1622.7322386 13.097841269 0.0380181283935 368.923903395
971.46685344 1622.98254537 13.2471041928 -0.0686330234719 368.437217031
970.248392352 1623.17096577 13.4825324448 -0.133134775003 367.933308058
969.100489244 1623.37516896 13.7787197523 -0.155292755807 367.40487777
968.029188836 1623.61724268 14.0579237549 -0.142221984885 366.848272099
967.013577407 1623.88413654 14.2303481867 -0.108556281152 366.261380472
965.998648784 1624.1508447 14.2601038465 -0.0760954357468 365.640877
964.927019891 1624.38367398 14.1821987901 -0.0667091758002 364.983498051
963.775455001 1624.52909239 14.0476693741 -0.0909778474819 364.28608626
962.556027728 1624.51330317 13.8679682435 -0.145510139861 363.545758817
961.282044142 1624.25905406 13.6236967158 -0.223159383617 362.759476923
959.93522636 1623.70494942 13.3134182406 -0.321673869059 361.919918247
958.468683092 1622.8220323 12.9760618199 -0.437863311036 361.037635006
956.843608325 1621.62939565 12.6641088259 -0.557002644149 360.119313582
955.060013633 1620.19414153 12.4040210402 -0.656667208335 359.175425548
953.15181516 1618.60529635 12.1893241673 -0.723072756331 358.22013567
951.160621498 1616.94581888 12.014509493 -0.758149652068 357.270862165
949.11782691 1615.28500491 11.9110905314 -0.770076733085 356.347499491
947.044014672 1613.67201913 11.9369148106 -0.764418588305 355.478199374
944.960126037 1612.11291896 12.1175217718 -0.746682467955 354.688810571
942.895563123 1610.55955592 12.401783117 -0.72567024178 353.990746106
940.875377078 1608.94285942 12.6877537629 -0.710038304407 353.395008662
938.897704611 1607.23332978 12.8914218615 -0.704638190861 352.907571722
936.936333932 1605.47167982 12.9822467404 -0.710673358914 352.529387945
934.969204587 1603.73166018 12.9700237079 -0.72583116211 352.256734838
932.998338047 1602.04884937 12.8937976384 -0.744256142484 352.081871225
931.049541704 1600.39808322 12.8257418871 -0.759584898734 352.005704708
929.165586802 1598.74771396 12.8493048958 -0.768260483651 351.998551
927.391776438 1597.12116651 13.0074503874 -0.769086793891 352.046422243
925.75195318 1595.59181116 13.2739745641 -0.76338958584 352.136517222
924.234641393 1594.22387519 13.575456451 -0.757507467732 352.25681457
922.798890351 1593.02404738 13.8315210977 -0.75916087061 352.396255472
921.383335824 1591.94040678 13.9798203419 -0.767098244838 352.544852469
919.917156285 1590.89892488 13.9931801758 -0.768944626246 352.693133304
918.348733084 1589.84796295 13.8979974671 -0.754206688134 352.831559295
916.674439925 1588.78305661 13.7646406982 -0.726774729925 352.955285069
914.929657458 1587.73831283 13.655157638 -0.701120330547 353.061194214
913.148330767 1586.75591848 13.5716762688 -0.688334498834 353.148075994
911.336334502 1585.85969381 13.4540409002 -0.687672638447 353.216668203
909.482535989 1585.04223751 13.2291382356 -0.690144558992 353.269659015
907.591529552 1584.25636275 12.8846049678 -0.690241264184 353.311652937
905.704522395 1583.41445797 12.5159251469 -0.694967233167 353.350091635
903.883985103 1582.41494947 12.2873144376 -0.718483949071 353.395992402
902.170586409 1581.18952221 12.3170797979 -0.765756489827 353.459385066
900.550882059 1579.73020248 12.5908989667 -0.8246574034 353.550957187
898.965528558 1578.07346411 12.9855565818 -0.876070995543 353.682007627
897.346218623 1576.26795005 13.3650541366 -0.908154623837 353.864284665
895.646208849 1574.36105574 13.6511209604 -0.919076210102 354.10979302
893.847255513 1572.40291241 13.8295625421 -0.909867084613 354.434569865
891.954454229 1570.44653836 13.9315867704 -0.87885080773 354.861104376
889.988853624 1568.54063149 14.0225218897 -0.824090758247 355.388607135
887.973438329 1566.7235926 14.1797306425 -0.750425249498 356.023941228
885.916462557 1565.01338195 14.4421118271 -0.673458648176 356.770476811
883.813161564 1563.39042709 14.7614262276 -0.615321945828 357.627182344
881.67382246 1561.79276809 15.0034803716 -0.594012520802 358.587831691
879.553805696 1560.13964259 15.0076794747 -0.614393185055 359.640376529
877.551688481 1558.37103868 14.6692718361 -0.669439166944 360.771098223
875.769478329 1556.47920073 14.0000119758 -0.750128579362 361.941193844
874.268010254 1554.51840547 13.1372496006 -0.850669048245 363.114280483
873.052826911 1552.58449369 12.2876453715 -0.963556334511 364.256035779
872.087450746 1550.76492793 11.63001156 -1.0769661721 365.332093629
871.31195313 1549.09099225 11.2422419481 -1.18195263479 366.309860581
870.663407926 1547.53382094 11.0967420994 -1.27668887744 367.160197286
870.099763353 1546.04280429 11.1036563939 -1.35827850617 367.855380114
869.60780363 1544.5815588 11.1603994554 -1.41621153444 368.351540833
869.182600572 1543.1338328 11.1926880795 -1.4423467419 368.666774464
868.80363579 1541.69516858 11.1810702746 -1.44520571117 368.801063544
868.439107895 1540.26998668 11.1556434795 -1.44562665932 368.759803741
868.069150297 1538.8673147 11.1574632295 -1.45596661236 368.553138705
867.694369467 1537.48923051 11.1984290509 -1.46666435019 368.195324471
867.315039768 1536.12523609 11.2568094027 -1.45432262482 367.704140611
866.8958139 1534.76316655 11.3094856879 -1.40144571181 367.092521736
866.341060285 1533.40328122 11.3559045449 -1.30606371401 366.394145516
865.494369202 1532.04726586 11.3970142758 -1.17253784275 365.644669719
864.159295388 1530.65745344 11.3997310641 -1.00163731661 364.871743229
862.14004447 1529.13241887 11.3069419606 -0.799691520854 364.10321505
859.305825289 1527.35050512 11.0951135795 -0.593151569146 363.366307428
855.655570481 1525.25479829 10.8119248943 -0.420377580549 362.686725716
851.331026218 1522.88996722 10.5451870447 -0.305503113799 362.087718877
846.55744659 1520.35443695 10.3577812072 -0.245470833949 361.609860419
841.556163232 1517.72713927 10.2572325023 -0.220910912204 361.25071577
836.487071919 1515.03859504 10.2155630593 -0.213054300528 361.015271746
831.434044898 1512.29316248 10.2021560486 -0.21108848881 360.903214433
826.413968927 1509.50466866 10.1987993871 -0.210703299351 360.908640507
821.398903422 1506.70921493 10.1981818665 -0.210661769514 361.020368702
816.350129504 1503.94730294 10.1983141091 -0.210743993742 361.222433279
811.250297122 1501.23710066 10.1993035558 -0.211101473397 361.497660223
806.116291593 1498.56399759 10.2026869488 -0.212325109413 361.816139824
800.995809753 1495.88776933 10.2118372621 -0.215638776117 362.144953462
795.96255251 1493.15352906 10.2314126757 -0.222740129627 362.458887327
791.109899574 1490.30349899 10.2645286904 -0.23478119185 362.734182653
786.528844309 1487.29530321 10.3087964174 -0.250925507849 362.949436603
782.270325991 1484.120936 10.355502651 -0.268032737741 363.086387996
778.318456456 1480.80944791 10.3943457108 -0.282430193493 363.130570471
774.600441852 1477.40850551 10.4199468185 -0.292460696213 363.055575113
771.026798969 1473.9599465 10.4342292822 -0.300221584727 362.869952122
767.531047495 1470.4856226 10.4456932064 -0.312863843063 362.579050361
764.088012874 1466.98563435 10.4722261426 -0.344664157975 362.188922964
760.711093975 1463.44422644 10.5508583966 -0.416830073308 361.708621776
757.432920044 1459.84259871 10.7437449313 -0.548205209591 361.149440818
754.270478445 1456.17558067 11.1172009963 -0.737322805731 360.524100869
751.190386405 1452.45856104 11.6889827895 -0.952189487953 359.844105739
748.110402579 1448.71543752 12.3888703706 -1.14445403728 359.122519657
744.95457849 1444.9618858 13.0879242619 -1.27920466895 358.376736679
741.71749069 1441.20230453 13.6717678669 -1.35204836395 357.615524695
738.467760033 1437.43452197 14.0720313586 -1.38004496317 356.84592243
735.2874047 1433.64817418 14.2382461972 -1.38127237929 356.07346392
732.222109329 1429.82172993 14.1222642329 -1.36538785097 355.302509185
729.292786576 1425.92766833 13.7104434613 -1.34069269864 354.536657852
726.530324026 1421.94187431 13.0558806873 -1.3231537016 353.780934223
723.973714243 1417.85206675 12.272505472 -1.33162132543 353.039531819
721.633690702 1413.66421272 11.5026390649 -1.37243784748 352.316560694
719.470917097 1409.40163277 10.8721118191 -1.43219095633 351.617167491
717.414355935 1405.09404489 10.4449005685 -1.48859464959 350.946827045
715.397739017 1400.76524821 10.2082489045 -1.52717476009 350.311030378
713.382656707 1396.42844561 10.1021513379 -1.54692010312 349.714920294
711.356718519 1392.08831374 10.0640297065 -1.55378392763 349.164061703
709.308833666 1387.74328983 10.0535478502 -1.55158176407 348.668101948
707.193008423 1383.38524964 10.0528354185 -1.53579616402 348.220563367
704.895383118 1379.00067768 10.0574437265 -1.49014362712 347.820121368
702.225931304 1374.58498559 10.0685697425 -1.38902714 347.463908858
698.972488138 1370.17722187 10.0881034906 -1.21263135873 347.14774072
695.025106143 1365.89191487 10.1152583879 -0.97013333636 346.816669
690.477042071 1361.89852409 10.1462211687 -0.707882025406 346.352255991
685.58009294 1358.3365847 10.178707833 -0.485470610363 346.141445113
680.581920738 1355.23406059 10.2202087322 -0.33863912627 345.939447292
675.608658978 1352.50269439 10.2933847779 -0.264776722803 345.740522677
670.678901015 1350.00079834 10.4301773899 -0.238203123082 345.54048513
665.779417801 1347.59796871 10.64659298 -0.232290583699 345.335322921
660.907878399 1345.20220407 10.9064496287 -0.230449101531 345.120919536
656.068426506 1342.75761293 11.1154338711 -0.226480809596 344.892756291
651.256815683 1340.24328801 11.1885752302 -0.220504499231 344.645614548
646.457152041 1337.69213782 11.1582420792 -0.213865289076 344.366701702
641.648262544 1335.21551338 11.2139624308 -0.204997034061 344.051136304
636.818447741 1333.00494122 11.611471636 -0.187604967314 343.689719141
631.993659123 1331.29726657 12.5133005483 -0.151904873502 343.272778276
627.271387192 1330.30569375 13.8770919882 -0.0900304841623 342.790729877
622.825004224 1330.13433806 15.4643818427 -0.00350414330868 342.060302319
618.846203157 1330.72135388 16.962414428 0.0945156249411 340.746697376
615.44685972 1331.85907635 18.1355144976 0.187000580989 339.913292396
612.594505551 1333.28863928 18.9048484682 0.264401056986 338.989898549
610.13314636 1334.80561422 19.3229657049 0.328265200085 337.995876581
607.860527891 1336.31423015 19.4956174562 0.384260073247 336.945369348
605.59241326 1337.82214992 19.5264122059 0.431708261082 335.855421915
603.190754635 1339.39757957 19.5064662841 0.459848925827 334.745031973
600.58543355 1341.1039236 19.5114179212 0.456047395844 333.634071525
597.797070601 1342.93499855 19.5692309208 0.418652935555 332.542115009
594.924124717 1344.78501289 19.6122519073 0.359913364444 331.495870575
592.085191799 1346.465465 19.4618215754 0.295265972082 330.506774199
589.367931452 1347.76289371 18.8929268382 0.232197820149 329.581980473
586.828610444 1348.53018579 17.7781932292 0.17118062944 328.72548836
584.521893377 1348.77321749 16.220658411 0.114284194853 327.937409884
582.508981472 1348.65793197 14.5414123471 0.0679552845578 327.21445377
580.828151107 1348.41173751 13.1005676839 0.0369295033029 326.550577972
579.461256295 1348.19957698 12.1050430849 0.0192523412004 325.939811385
578.334983356 1348.07602987 11.5613254558 0.00848001251298 325.373123124
577.356489859 1348.02241734 11.360646053 -0.00256396195713 324.834882803
576.450951133 1348.00253617 11.3751198621 -0.0220615466536 324.316396653
575.576192599 1347.98763296 11.5019377326 -0.0598418491997 323.809526191
574.715842219 1347.95066633 11.6809677991 -0.121528314708 323.306499412
573.862660133 1347.85098473 11.9133364477 -0.197424711976 322.799550239
572.999616818 1347.62890802 12.2612815586 -0.259461213253 322.280402074
572.089278734 1347.22173664 12.7991722012 -0.27913383087 321.734502635
571.086606235 1346.58980429 13.5268790607 -0.257431974051 321.147402674
569.968880624 1345.71743768 14.2926849794 -0.238192655591 320.503380517
568.746289692 1344.57179258 14.7959482944 -0.286879150197 319.782331632
567.435473101 1343.05892084 14.7264097688 -0.447254495455 318.961383861
566.031248873 1341.03764076 13.9901459953 -0.707265469635 317.658155551
564.51239908 1338.39752087 12.8258013424 -1.00182698254 315.4199661
562.865878637 1335.13782707 11.6572898192 -1.25409463801 313.910387045
561.098109743 1331.37848561 10.8049807123 -1.42150754652 312.159598643
559.233782122 1327.29744421 10.3349015153 -1.50823210461 310.203414401
557.313963181 1323.0522423 10.1362941818 -1.54308537284 308.059674192
555.386792795 1318.74198454 10.0732797779 -1.5528525637 305.757611888
553.484223649 1314.41559226 10.0633045124 -1.55149747797 303.336417812
551.603168263 1310.09837026 10.0749510731 -1.54291561561 300.843058792
549.713931596 1305.81237354 10.100857089 -1.52781507632 298.329441294
547.790891667 1301.58159106 10.1406829735 -1.50888754477 295.859269117
545.835151822 1297.42693629 10.2017526125 -1.49061133266 293.493198445
543.868100628 1293.36971831 10.3091850305 -1.47372673122 291.264214272
541.91425968 1289.46091891 10.4991144524 -1.45081830729 289.197246966
540.008305868 1285.81768915 10.7807961844 -1.40916984299 287.30613243
538.218574589 1282.61403215 11.1000595705 -1.3395384015 285.59423713
536.635565493 1280.00154008 11.3604350134 -1.24457608171 283.87484493
535.3124419 1278.01626461 11.4979882488 -1.1406088438 281.281377391
534.22059378 1276.55873933 11.5302407759 -1.04853834382 279.220133689
533.272413584 1275.46455652 11.5267624177 -0.978375403098 278.145339085
532.377981016 1274.59506132 11.5401576028 -0.920390645055 276.763268272
531.472225571 1273.87649671 11.5624023479 -0.851070705673 275.262373281
530.501778145 1273.28432183 11.5319891148 -0.750068190421 274.140107585
529.406316343 1272.81415 11.3854347405 -0.616993198199 273.345677039
528.123495973 1272.46540753 11.1191946112 -0.474889537436 272.109034167
526.615646544 1272.23286042 10.8055451319 -0.354956047629 270.924732799
524.89333243 1272.09945924 10.5434969135 -0.27534216695 270.300223803
523.011006129 1272.0374983 10.3971681061 -0.233302319433 269.718890432
521.03431548 1272.02088183 10.376775713 -0.213623187883 269.137801817
519.007037573 1272.03859246 10.452918775 -0.200066679572 268.555091593
516.945440911 1272.09788572 10.5697730521 -0.181339386262 267.968042525
514.857301606 1272.21274159 10.6578070733 -0.154288959253 267.372373555
512.758608188 1272.38243416 10.6644487805 -0.126391195368 266.761481498
510.670811498 1272.57759423 10.5883455014 -0.1122252835 266.118211802
508.606212885 1272.7495751 10.4830220266 -0.121841136574 265.426994476
506.559325524 1272.85291415 10.4287051687 -0.151855743763 264.667480267
504.50931458 1272.85088337 10.5041092301 -0.189419614848 263.81529568
502.418429217 1272.69639338 10.7687758964 -0.223806983052 262.843587012
500.218888552 1272.31559034 11.2359242546 -0.254947642567 261.724328151
497.811560442 1271.61976711 11.8408707715 -0.295847162624 260.429931184
495.099375363 1270.53653373 12.4536183597 -0.366540251828 258.922398414
492.035311992 1269.03325826 12.9529466354 -0.47737681133 257.164438778
488.642076543 1267.12345989 13.2969113284 -0.614279581926 255.175424001
484.990692918 1264.86485945 13.5204938095 -0.74506013591 252.960946236
481.164902888 1262.35394188 13.67666925 -0.842984631887 250.537962223
477.241437711 1259.71298229 13.7870788017 -0.902927178114 247.934515363
473.287442467 1257.06260084 13.8370569308 -0.937303036881 245.188760431
469.35186149 1254.48257815 13.8018317939 -0.96085071799 242.347301008
465.441601317 1251.98763989 13.668870447 -0.977539170072 239.467059942
461.508360205 1249.54595992 13.4328241751 -0.976305773362 236.619720748
457.476437001 1247.12318412 13.083448 -0.939264498103 233.855792906
453.308211039 1244.70446252 12.6296521945 -0.861473818101 231.216566029
449.072127752 1242.28548467 12.1530711746 -0.767802212617 228.733914036
444.965452464 1239.87429001 11.8147607948 -0.705055982721 226.42928094
441.258545048 1237.52291384 11.7677490428 -0.707429228632 224.313349398
438.179869683 1235.34243545 12.0448791444 -0.76718462066 222.392113872
435.814455622 1233.45456976 12.5388935281 -0.843151461768 220.671679032
434.080622021 1231.91333147 13.0935475421 -0.897634014665 219.104336033
432.792541155 1230.67513317 13.6033897381 -0.923031561103 217.667588986
431.766191464 1229.63915826 14.0290983714 -0.937737071057 216.338304496
430.907939685 1228.70739491 14.3478496987 -0.964800433665 215.094295929
430.228219919 1227.81386718 14.5208592686 -1.01541226497 213.915655561
429.767042339 1226.91827849 14.5066601035 -1.08562343296 212.785826558
429.50174248 1225.98688045 14.2834431875 -1.16193307169 211.695569103
429.335557668 1224.9830044 13.8606178018 -1.22972042279 210.63598622
429.171325813 1223.87854403 13.2943114695 -1.28155338437 209.605204157
428.972727063 1222.67902104 12.6950494167 -1.32017922571 208.60776007
428.751498905 1221.43395678 12.1897500758 -1.35160797846 207.651432837
428.52568651 1220.2084468 11.8515862131 -1.37573551262 206.746427847
428.302826468 1219.02797408 11.6675340093 -1.38723680333 205.904463705
428.075982039 1217.84033232 11.5735755139 -1.38473921295 205.138503296
427.813338493 1216.53097742 11.5075437154 -1.37365317977 204.476461787
427.461424008 1214.98818214 11.4331694677 -1.35980321892 203.91274922
426.975470969 1213.17304101 11.3468975376 -1.34782967222 203.450978587
426.352027389 1211.13896329 11.2765303313 -1.347466003 203.090634084
425.635026975 1208.98859436 11.2521765872 -1.37205193564 202.826900519
424.897464936 1206.81486532 11.2637305642 -1.42460356792 202.650637996
424.215039902 1204.67512742 11.2617658163 -1.48915736262 202.548505923
423.640072668 1202.59639309 11.2121209415 -1.54130516023 202.505689474
423.182690561 1200.58067843 11.1394431955 -1.56696003575 202.493916339
422.813630047 1198.60302707 11.1085350824 -1.56936152571 202.483502542
422.487033831 1196.62245489 11.1701246974 -1.55966354175 202.448912597
422.152315504 1194.61161441 11.3297782966 -1.54293016194 202.364363602
421.728258527 1192.58041457 11.56277521 -1.51019528164 202.204449502
421.049300325 1190.56278895 11.8413657071 -1.43891678622 201.944701612
419.823894995 1188.56008218 12.1229123628 -1.30316807591 201.562088932
417.659653955 1186.48221395 12.308621659 -1.0942726444 201.007719096
414.191112086 1184.16479547 12.2619792676 -0.838988014354 200.280954678
409.258228652 1181.48416942 11.9227809823 -0.592398218277 199.368827086
402.997749086 1178.46229644 11.3938016884 -0.40450224537 198.257834014
395.764124789 1175.24160425 10.8734995258 -0.29162833718 196.936303088
387.952316212 1171.9685465 10.50558442 -0.238166564033 195.394466598
379.86151012 1168.71852829 10.3101484221 -0.218191838263 193.624671177
371.661706404 1165.50455189 10.2305995108 -0.212297983448 191.607445644
363.427975042 1162.31389348 10.2055446355 -0.210928509249 189.329057253
355.186089087 1159.1317088 10.1994380526 -0.210673030135 186.823796256
346.943082862 1155.95077382 10.1985658197 -0.210644927024 184.104557275
338.70346009 1152.77232504 10.2001752771 -0.210633484902 181.190979139
330.482419999 1149.60718678 10.2075781269 -0.210537741181 178.109634006
322.329046424 1146.49053013 10.2320839752 -0.210007821357 174.893827815
314.364593524 1143.50530226 10.2960193933 -0.207717646083 171.582987054
306.816883256 1140.79425473 10.4272678611 -0.199901278472 168.223753296
300.002335777 1138.5410245 10.6381126085 -0.178689561316 164.880653035
294.219655481 1136.91078144 10.9003178857 -0.13312100473 161.601907973
289.601252712 1135.97342139 11.1474432915 -0.0560453389957 158.430166985
286.038015598 1135.66714728 11.3175477641 0.0451969952918 155.402561511
283.242154535 1135.83389811 11.3992279788 0.145515386488 152.549394369
280.887672858 1136.29020065 11.429356152 0.216126860296 149.893215319
278.723002725 1136.88119128 11.4455174073 0.246978922961 147.456257281
276.609517278 1137.50521502 11.4511764506 0.253152877567 145.266108255
274.502216475 1138.11696785 11.4295249713 0.256153821693 143.285917704
272.405626307 1138.71075527 11.3770726877 0.262674609793 141.504043016
270.332311743 1139.29415543 11.3120173968 0.265629608145 139.905082462
268.282962135 1139.87258688 11.2542305235 0.260207388331 138.471078417
266.251833596 1140.44675397 11.2040534492 0.249924286172 137.182636374
264.242235624 1141.00888201 11.1392632286 0.23722215092 136.019940215
262.272933094 1141.53802691 11.031350232 0.216062319687 134.973131426
260.374810865 1142.00511394 10.8694441041 0.177311806311 134.014811651
258.586156015 1142.38430852 10.6737547115 0.117706279437 133.123858005
256.943138834 1142.66125524 10.4873866537 0.0419944994936 132.288314161
255.462013129 1142.83710443 10.3533241282 -0.0398119350871 131.498629106
254.126145708 1142.92725672 10.2964514468 -0.116227928436 130.747544692
252.893016516 1142.9508538 10.3217967187 -0.178228173818 130.029892339
251.718757424 1142.91714195 10.4194029403 -0.220743946013 129.342671798
250.579841997 1142.82354125 10.5620752123 -0.241097595257 128.688195066
249.47059829 1142.67074982 10.7018615426 -0.239611347595 128.060847672
248.382143264 1142.48003009 10.7836731813 -0.223633518969 127.45998892
247.293395346 1142.28963108 10.779109542 -0.206862922849 126.884592155
246.185964108 1142.12652316 10.7199496119 -0.200678856838 126.332978006
245.058858819 1141.97603835 10.7058674274 -0.206583175352 125.802609828
243.92490745 1141.77675757 10.8710530695 -0.217269321913 125.289962982
242.804280931 1141.45267306 11.3107205729 -0.223759472771 124.791002915
241.728345029 1140.97105738 11.9984657923 -0.223808760633 124.298000557
240.735030272 1140.38298277 12.7631999755 -0.226409511848 123.803056826
239.839641604 1139.79701798 13.3773757494 -0.244789661739 123.299126886
239.007083551 1139.29789298 13.7040974568 -0.281463781359 122.779237757
238.16562152 1138.88906382 13.7687720929 -0.325309150001 122.236855365
237.259559204 1138.50967787 13.6924749575 -0.368583400082 121.666266496
236.289382453 1138.08935335 13.5735177163 -0.42106800804 121.062968213
235.29833259 1137.5816258 13.4417398303 -0.499990003467 120.418167345
234.324587382 1136.96651803 13.3057056748 -0.608989710578 119.737755014
233.370478253 1136.24304886 13.2125464909 -0.733751434737 119.025386789
232.412338332 1135.4182501 13.2524211187 -0.857891157973 118.286426718
231.436368006 1134.49206028 13.5124070323 -0.978451759387 117.218706545
230.473333165 1133.45210384 14.0175401912 -1.10474792694 115.874039133
229.605531377 1132.29026455 14.6916473449 -1.24470167896 115.117978922
228.933786458 1131.0241123 15.3706400982 -1.39468976808 114.385898498
228.528812782 1129.69128583 15.8802101717 -1.54290004743 113.082833501
228.409987637 1128.31828397 16.1296365931 -1.68087274471 112.339957005
228.560625907 1126.9084366 16.1466722963 -1.80877696961 111.791116128
228.948357033 1125.47141355 16.035059376 -1.92761055622 111.094586079
229.528985166 1124.04977424 15.9042609582 -2.02941236418 110.394797923
230.245018272 1122.69672968 15.8215365936 -2.10201132377 110.048765759
231.033113583 1121.43693286 15.7986923903 -2.14607185092 109.741250109
231.836866582 1120.26666401 15.803881347 -2.1813985265 109.468425402
232.618674329 1119.17671671 15.7846449153 -2.2287009915 109.216485094
233.372167153 1118.14427434 15.6905942956 -2.28472286208 108.974769813
234.127992773 1117.10815316 15.4975835669 -2.31997303373 108.733218557
234.933377231 1115.98669615 15.2380586568 -2.30261417706 108.481576259
235.805159378 1114.73773728 15.0131566526 -2.22428585989 108.209752691
236.694956994 1113.39535726 14.9476850254 -2.10573197303 107.908211545
237.505052038 1112.04519141 15.1043943664 -1.98179402706 107.566489537
238.144000696 1110.76915131 15.4399330599 -1.88092792219 107.171869564
238.57400719 1109.60788232 15.8497817467 -1.81395700332 106.726397707
238.817629873 1108.55430219 16.244582589 -1.77557583376 106.22927061
238.928950953 1107.56527282 16.5744042808 -1.75183439626 105.364771437
238.954336307 1106.58014723 16.7990245997 -1.72598602007 104.357257627
238.902265218 1105.54540542 16.8583310665 -1.6812948337 103.691627076
238.729593184 1104.44480032 16.6718163698 -1.60378729523 102.972631127
238.349246721 1103.31773932 16.166067425 -1.48587728381 101.601941833
237.659935647 1102.23953498 15.3255556604 -1.32793752708 100.871729368
236.580668196 1101.26968281 14.2382224285 -1.1368364296 99.7977383947
235.067569761 1100.41811278 13.0835247608 -0.925496350996 98.9803356372
233.118090942 1099.66206156 12.0549409654 -0.7149332643 98.0340375149
230.781426201 1098.98244894 11.27752181 -0.531892495487 96.8743710673
228.163019628 1098.37291808 10.7773310255 -0.397478050705 96.4162697161
225.395129259 1097.82226983 10.5039017755 -0.31572933339 95.9446387532
222.582734397 1097.30378336 10.3758935433 -0.274315486098 95.4353477636
219.770216426 1096.78662485 10.3219381775 -0.255846323467 94.8732788174
216.956807623 1096.25528924 10.2996830339 -0.247933616711 94.2412357942
214.138613669 1095.71772855 10.2923695395 -0.245208009216 93.5231060132
211.330521059 1095.19502155 10.2954207966 -0.245874444886 92.7049209429
208.549042252 1094.70376058 10.3083454706 -0.248339028086 91.7759420019
205.781284298 1094.25051409 10.3397549057 -0.250280602807 90.7297308027
202.976942839 1093.84495666 10.4231567773 -0.248516408757 89.5550233328
200.076129507 1093.51981684 10.6301970714 -0.237767083641 88.2631257271
197.062831803 1093.33626918 11.0540035421 -0.209459836881 86.8809228757
194.019392922 1093.35653047 11.7415831274 -0.154374815206 85.4307705049
191.135162479 1093.59103423 12.6106187183 -0.0709294686203 81.3946882738
188.62853905 1093.96436756 13.4445047799 0.0274173257624 76.2419518487
186.619996701 1094.34271952 14.0060052445 0.116728070336 75.1871851402
185.06841509 1094.60689917 14.1715188229 0.178172752046 74.2546106552
183.825898534 1094.70990539 13.9632744194 0.207493130643 73.4580315967
182.740933286 1094.68455626 13.4926514678 0.209350539747 72.7643305565
181.719440859 1094.61495564 12.9084610988 0.190702964809 72.1566541223
180.727659864 1094.59326875 12.36770216 0.164217589519 71.6175689214
179.766089882 1094.67923305 11.9932848113 0.148756138088 71.1293764475
178.841982035 1094.88459048 11.8358672122 0.156283401089 70.6752468778
177.956735165 1095.18728672 11.8764647805 0.180696622487 70.2402021891
177.107667347 1095.54948267 12.053906369 0.204981156695 69.8116804718
176.288765855 1095.92389027 12.2926058843 0.215024468163 69.3794146476
175.482926183 1096.26283861 12.532996602 0.201357614627 68.9398376406
174.659753685 1096.53318629 12.7502914749 0.154578769148 68.2042204521
173.79276746 1096.71600028 12.9402383339 0.0685265294669 67.5204061369
172.882432597 1096.78362496 13.0906114669 -0.0544028078358 67.0741144734
171.958293803 1096.66855745 13.1659509699 -0.208658948461 66.5666037171
171.060313575 1096.24641825 13.1069610085 -0.396422585881 65.7580247023
170.2259679 1095.36650709 12.8505869323 -0.626501901131 65.379724401
169.493461974 1093.9447634 12.3798777175 -0.896956248677 64.710876792
168.902639753 1092.0560038 11.7690624465 -1.17983709793 62.7980103929
168.47975023 1089.92071458 11.1634222428 -1.42934824097 61.4900469013
168.21934895 1087.7766532 10.6942852286 -1.60961658482 60.9641954417
168.084647932 1085.7537978 10.4083253671 -1.71466501466 60.3998401374
168.027006745 1083.85304914 10.2715728384 -1.76323421009 59.7938623269
168.006241695 1082.00531488 10.2241557191 -1.77910664985 59.1403959054
167.997157572 1080.13135792 10.229446426 -1.77586446883 58.4299007174
167.983204143 1078.16774299 10.2976865061 -1.75214062483 57.6650543351
167.945394966 1076.07238871 10.4937557435 -1.69406151134 56.8438160108
167.854074369 1073.83449409 10.9210441505 -1.58364411301 55.9662265595
167.668224484 1071.50622121 11.6531580437 -1.4126053688 55.0349828294
167.34223676 1069.2406143 12.6297001812 -1.19357312317 53.8461510674
166.835646099 1067.27598979 13.6165366182 -0.957418892419 51.7837817692
166.123586005 1065.8361357 14.3204653719 -0.73729344914 49.7037139963
165.208665594 1065.01944991 14.5971268091 -0.5541283696 47.7856194854
164.126915872 1064.78337502 14.5831157576 -0.414471152021 46.1409662908
162.94171048 1065.02482376 14.6546482894 -0.315459970452 45.1359872005
161.737309481 1065.65446009 15.2467100931 -0.246801284816 44.3711289822
160.62969609 1066.58107492 16.6102741984 -0.188140055822 43.5227218364
159.776314488 1067.63218019 18.6022727286 -0.109202189385 42.9655231603
159.323058393 1068.53194657 20.6482056518 0.018373232906 42.7467813897
159.26630312 1069.02280346 21.9770383309 0.198598562484 42.3964229217
159.351972952 1069.04326116 22.0291825248 0.398270813448 42.0526703654
159.190207137 1068.7713909 20.7617698736 0.56594685025 41.8100496535
158.546000946 1068.48336752 18.6470613641 0.672273594403 41.4696840997
157.512165158 1068.37761657 16.3899161936 0.731017069489 40.9541935548
156.386386076 1068.50870551 14.5594484175 0.779674687328 40.3384402162
155.422226727 1068.83148544 13.3680290086 0.84358398116 39.6543626998
154.706843784 1069.27883253 12.710814745 0.919989492776 39.2614761267
154.200068352 1069.80992738 12.3623008729 0.990738921683 38.8457995567
153.820216485 1070.41032798 12.1416665071 1.04250341838 38.4100492451
153.49960105 1071.06913016 11.9658924172 1.07370955574 37.6586217086
153.200708292 1071.76971638 11.822241137 1.08961302801 36.9155373115
152.90749014 1072.50079559 11.7182596753 1.09697670423 36.4072320078
152.614261042 1073.26356523 11.6519984637 1.10094146764 35.8850255415
152.321771577 1074.06268537 11.6156086993 1.10260437138 35.3506170608
152.032154444 1074.89560004 11.6083921345 1.09978540288 34.8046529303
151.740824596 1075.75274685 11.6432420008 1.08860845899 34.2515338094
151.432801768 1076.6212595 11.7587734322 1.0602321496 33.3021499693
151.078783111 1077.47889381 12.0284783166 0.99779566328 32.4900566272
150.629516624 1078.28276238 12.5205290049 0.883999452979 31.9357425397
150.029108716 1078.97883037 13.1996194741 0.716552462035 31.3887037362
149.254482726 1079.54451224 13.8582283881 0.517173523408 30.7639109759
148.343409382 1080.02181663 14.1930870797 0.324125695506 29.2629015522
147.373729795 1080.48226448 14.0153727091 0.171712557112 28.3560832568
146.412872845 1080.94882542 13.40824843 0.0719222892398 27.8672816798
145.488065847 1081.37114381 12.6647107294 0.0117600995498 27.5028895093
144.594452006 1081.68124181 12.0711290863 -0.0347120019226 27.1659921592
143.717812841 1081.85092955 11.7547277508 -0.0904061948303 26.8550444973
142.84872927 1081.88613122 11.7082452573 -0.162368662945 26.5674786507
141.986497724 1081.7827302 11.9093432631 -0.235341352133 26.2996997585
141.144612068 1081.50770002 12.3926594418 -0.276466020951 26.0482614817
140.363082002 1081.03646119 13.2180270507 -0.251204873149 25.5922963928
139.716571623 1080.41604589 14.3832282566 -0.137698632476 25.2738372443
139.282221747 1079.77913653 15.7379834063 0.0725511294473 25.0092539922
139.047237069 1079.26171173 16.9379666787 0.378785562546 24.7233994074
138.831266979 1078.88393086 17.519640587 0.76254100638 24.4090085515
138.36121743 1078.52094674 17.1627896671 1.1748508887 24.0586651475
137.488550507 1078.00684767 15.9818431438 1.54584146693 23.6622226463
136.317466822 1077.26439319 14.514400399 1.81758115912 23.2058231916
135.088568667 1076.33393334 13.3459746399 1.97115052586 22.6884249205
133.973883508 1075.30373124 12.7345500837 2.02824785335 22.104371705
133.012188389 1074.23501141 12.5619562954 2.0314479849 21.4496493851
132.182852019 1073.13931557 12.5487049573 2.01685092076 20.7223578087
131.471004411 1072.00194115 12.4797782974 1.99750396025 19.9231078499
130.86535621 1070.82154823 12.2960026052 1.97195889482 19.0553200137
130.33791491 1069.62864306 12.055715013 1.94536160643 18.1193255258
129.844069641 1068.4603639 11.8484591543 1.93304052347 17.132787011
129.331631813 1067.31862926 11.7452633645 1.94276688208 16.1118626439
128.746947701 1066.16136329 11.7983481146 1.96606024112 15.0704294078
128.040600444 1064.93697255 12.0306079889 1.99391783912 14.0225515342
127.170173278 1063.62975637 12.39083822 2.03318867595 12.9817958274
126.090220258 1062.28167637 12.7338662203 2.09819693928 11.9606366452
124.746722703 1060.97161034 12.8855690171 2.18922319658 10.9709913746
123.107847732 1059.75750053 12.7569423184 2.28753981863 10.0287000614
121.210350213 1058.62629038 12.4049081696 2.37173598992 9.13447880454
119.156693751 1057.50297384 11.9844745716 2.43249304574 8.29222766903
117.055048905 1056.31002975 11.6409504344 2.47116006423 7.5045602532
114.968103615 1055.01706294 11.4369749443 2.49123783245 6.77313495809
112.911339117 1053.64318698 11.3558418573 2.49532677124 6.09897799868
110.876138326 1052.22625007 11.3467437164 2.48671194053 5.48278812304
108.84898072 1050.79498359 11.3630240668 2.4707963101 4.93133125253
106.823150706 1049.36670263 11.37565268 2.45657425279 4.44450018909
104.803587426 1047.96241397 11.3681024935 2.45595922778 4.01928973819
102.810644047 1046.61731277 11.3259678665 2.47805809972 3.65761505578
100.898539148 1045.38249374 11.2348054313 2.52442322729 3.36164410233
99.1849784083 1044.32811084 11.0945832998 2.58861818757 3.1336187895
97.8570178678 1043.54383571 10.9395297936 2.65475883213 2.97564941162
97.1228715803 1043.12161781 10.8345613195 2.69817508584 2.889503317
