1488 2088 13.0 3.14159265359 191.015942512
1485 2087 11.401754251 5.35816080362 191.446666741
1483 2085 11.401754251 5.34448733838 192.295178899
1482 2084 11.401754251 5.34424869139 193.535384871
1480 2082 11.401754251 5.34424452621 195.127784262
1478 2080 11.401754251 5.34424445352 197.019544302
1477 2079 11.401754251 5.34424445225 199.145296286
1475 2077 11.401754251 5.34424445222 201.429059342
1474 2076 11.401754251 5.34424445222 203.787488257
1472 2074 11.401754251 5.34424445222 206.134507142
1470 2073 12.8062484749 5.34424445222 208.386594196
1469 2071 12.2065556157 5.34424445222 210.468703598
1467 2069 13.0 5.09989835694 212.319569952
1466 2069 13.8924439894 5.72395224379 213.895727744
1464 2066 13.0384048104 5.24615184826 215.173727529
1461 2063 13.0384048104 5.25526595071 216.150152688
1459 2061 13.0384048104 5.25542502181 216.83968015
1456 2059 13.6014705087 5.34269426072 217.271613463
1455 2056 12.2065556157 2.20262474269 217.485687882
1452 2053 12.2065556157 5.34671523801 217.527686407
1450 2051 12.2065556157 5.34428757557 217.445610864
1447 2048 12.2065556157 5.34424520487 217.286704671
1444 2047 14.3178210633 5.09989837008 217.095384439
1442 2044 13.6014705087 5.3574331011 216.911973726
1440 2041 13.0384048104 5.25720817497 216.771915789
1437 2039 13.6014705087 5.34272538262 216.705282944
1436 2038 13.416407865 5.8154568375 216.736389181
1433 2033 11.401754251 5.35246865982 216.883566794
1433 2032 11.401754251 1.8188229027 217.158999931
1433 2031 11.1803398875 2.04134434596 217.568869232
1432 2029 11.1803398875 2.0452280778 218.113965605
1431 2028 11.0453610172 4.71564961726 218.790702911
1431 2027 11.401754251 1.82516160618 219.592390168
1431 2026 11.1803398875 2.0414549772 220.510623296
1430 2025 11.0453610172 4.71558376423 221.536580425
1430 2024 11.401754251 1.82516045683 222.661669096
1429 2022 12.0415945788 4.72926200522 223.877838933
1429 2021 11.1803398875 2.03483869741 225.177143917
1428 2020 11.401754251 5.34378681908 226.55079138
1429 2020 12.1655250606 1.36488577047 227.987898552
1429 2019 12.1655250606 1.35274324013 229.474291089
1428 2018 11.1803398875 1.35253131299 230.991661095
1428 2016 10.1980390272 1.35252761417 232.517288061
1428 2015 10.1980390272 1.35252754961 234.024559667
1428 2013 10.1980390272 1.35252754848 235.484253291
1428 2012 10.1980390272 1.35252754846 236.866467416
1428 2010 10.1980390272 1.35252754846 238.142927018
1428 2009 10.1980390272 1.35252754846 239.289379673
1428 2007 10.1980390272 1.35252754846 240.287732334
1428 2006 10.1980390272 1.35252754846 241.127672448
1428 2004 10.1980390272 1.35252754846 241.807504009
1428 2003 10.1980390272 1.35252754846 242.334300736
1428 2002 10.1980390272 1.35252754846 242.723218123
1428 2000 10.1980390272 1.35252754846 242.996197321
1429 1999 12.1655250606 1.35252754846 243.180364219
1429 1998 14.7648230602 0.462409629945 243.405219533
1430 1996 12.2065556157 0.638860359255 243.50897089
1432 1995 12.5299640861 0.46740708025 243.646580555
1433 1994 11.401754251 0.254975145778 243.843763591
1435 1994 12.5299640861 0.460707019325 244.121575963
1437 1994 15.0 0.638830643094 244.495486143
1438 1993 14.7648230602 0.467406561605 244.974646836
1440 1992 14.7648230602 0.464414646966 245.561424116
1441 1991 12.8062484749 0.638895353404 246.251118877
1442 1990 12.5299640861 0.467407691013 247.032036396
1443 1989 11.401754251 0.254975156438 247.885903501
1444 1989 11.1803398875 0.460707019511 248.788829833
1446 1988 12.2065556157 0.638830643097 249.712851807
1447 1987 12.2065556157 0.641939486804 250.628033417
1449 1986 12.5299640861 0.467460821164 251.505058441
1449 1986 12.2065556157 0.638948519173 252.317911879
1450 1985 12.2065556157 0.64194154413 253.046481781
1451 1984 12.2065556157 0.64199378227 253.678570452
1453 1983 12.5299640861 0.467461768798 254.211022864
1453 1983 12.2065556157 0.638948535712 254.649804845
1454 1982 12.2065556157 0.641941544419 255.009055381
1456 1981 12.5299640861 0.467460857076 255.309234979
1456 1981 12.2065556157 0.6389485198 255.574764414
1458 1980 12.8062484749 0.90374093194 255.831380355
1459 1978 13.9283882772 1.18761511169 256.103600049
1459 1977 13.152946438 4.5299461851 256.774290737
1459 1976 13.152946438 4.52718081045 257.19882061
1459 1975 13.152946438 4.52713254556 257.689683492
1459 1973 13.0384048104 1.57438897882 259.507365982
1458 1972 12.2065556157 5.35320374797 260.187968519
1458 1971 11.1803398875 2.04572853516 260.878974284
1457 1970 11.401754251 5.34397688261 262.223933827
1456 1969 11.401754251 5.34423978225 262.847657589
1457 1968 12.0415945788 1.57433318641 263.945471727
1456 1967 10.4403065089 1.82763768518 264.41217498
1456 1966 11.1803398875 2.04149819294 264.828188844
1455 1965 11.1803398875 4.52359830077 265.203623194
1455 1964 11.1803398875 4.52707001897 265.553568738
1455 1963 11.1803398875 4.52713061188 265.896798029
1455 1962 11.1803398875 4.52713166943 266.253861473
1456 1961 12.1655250606 1.3855390343 266.64480505
1456 1960 14.2126704036 0.637518714263 267.086813041
1456 1958 12.1655250606 4.51654752875 267.592139918
1457 1957 11.1803398875 1.10610162587 268.166638693
1457 1956 10.4403065089 1.26096014215 268.809136066
1457 1956 10.1980390272 1.35092939573 269.511661114
1457 1954 10.1980390272 1.35249965544 270.260608855
1457 1953 10.1980390272 1.35252706164 271.038495483
1457 1952 10.1980390272 1.35252753997 271.826124939
1457 1950 10.0498756211 1.57942035107 272.604852578
1457 1949 10.4403065089 1.82772647296 274.07552445
1457 1948 11.1803398875 2.04149974257 274.748954354
1456 1947 12.1655250606 4.52359832781 275.966985438
1456 1946 11.0453610172 1.57746358357 277.066791191
1456 1945 11.401754251 1.82769232092 278.161477137
1457 1944 13.416407865 2.04149914651 278.747867104
1456 1944 12.1655250606 1.38200566382 280.06826502
1457 1943 16.4012194669 0.637457045315 281.634890706
1457 1941 14.2126704036 0.641915513001 282.511097163
1458 1940 12.8062484749 0.90379271574 283.440480437
1458 1938 11.7046999107 1.27488247808 284.412678699
1459 1937 12.8062484749 0.635587393018 285.416326233
1460 1936 12.8062484749 0.903682269211 286.440959062
1460 1934 11.1803398875 1.10034762523 287.478594286
1461 1933 12.5299640861 1.10378008321 288.524711686
1462 1931 12.2065556157 0.911853773189 289.578352359
1462 1930 12.3693168769 4.45152240871 290.641285955
1463 1929 13.152946438 1.38421940375 291.716450404
1458 1923 11.1803398875 5.77123635739 300.391650839
1457 1922 11.401754251 5.63094954717 301.358164752
1456 1922 11.1803398875 5.82048729815 302.28201736
1455 1921 11.401754251 5.61435584572 303.169642389
1454 1921 11.1803398875 6.06454377871 304.03060893
1453 1921 10.4403065089 5.98513457779 304.875461973
1451 1919 14.0356688476 3.19122182259 305.713362992
1450 1920 11.1803398875 5.81281260155 306.550108589
1449 1919 11.401754251 5.614221897 307.386834923
1449 1918 12.5299640861 2.03283086875 308.219697523
1447 1917 12.5299640861 5.8149906739 309.040499575
1446 1915 12.5299640861 2.03633494494 309.838077259
1444 1913 11.401754251 5.34381293353 310.600145589
1443 1913 11.1803398875 5.81547581884 311.31520034
1442 1911 12.5299640861 2.03634341232 311.974237702
1440 1909 11.401754251 5.34381308131 312.571988737
1439 1908 11.401754251 5.34423692338 313.107599662
1437 1906 11.401754251 5.34424432082 313.584815535
1437 1905 11.1803398875 2.04557216366 314.011620362
1435 1904 12.5299640861 5.81521305145 314.399577264
1434 1902 12.5299640861 2.03633882616 314.762970142
1432 1900 11.401754251 5.34381300127 315.117729142
1431 1900 12.8062484749 5.34423692198 315.480319226
1430 1899 11.1803398875 6.07728260663 315.866560882
1428 1899 11.1803398875 5.81082398708 316.290333569
1427 1898 11.0453610172 3.18817952886 316.762428762
1426 1898 11.1803398875 6.0745588913 317.289611937
1425 1898 10.1980390272 6.07257583708 317.873999114
1424 1898 10.4403065089 5.98527476365 318.513054402
1423 1898 11.1803398875 5.80921814728 319.200098799
1421 1897 10.4403065089 5.98067830486 319.925373864
1420 1897 11.1803398875 5.80913792394 320.677601665
1416 1897 16.4012194669 5.34152009186 322.220836928
1417 1896 14.8660687473 5.50127653585 322.997329844
1414 1895 17.8044938148 5.37633289696 324.55413072
1414 1894 16.1245154966 5.25753803864 325.344131965
1414 1893 15.2315462117 5.09838504455 326.152306676
1416 1889 11.401754251 1.27831396334 328.74642473
1416 1888 10.1980390272 1.35123227705 329.666850029
1416 1887 10.1980390272 1.35250494171 330.601494637
1416 1886 10.1980390272 1.3525271539 331.536143054
1416 1885 10.1980390272 1.35252754158 332.455978564
1416 1884 10.1980390272 1.35252754834 333.348782238
1416 1882 10.0498756211 1.57942035122 334.207753393
1416 1880 11.1803398875 2.0371659832 335.033302073
1413 1879 15.1327459504 4.52352268944 335.833367173
1414 1878 11.401754251 5.34737344774 336.622136925
1413 1877 11.401754251 5.3442990635 337.417525881
1411 1875 11.401754251 5.34424540537 338.237892397
1410 1874 11.401754251 5.34424446886 339.098702548
1409 1873 11.401754251 5.34424445251 340.009712952
1409 1870 15.8113883008 2.20265179864 340.973107987
1409 1869 17.2046505341 2.20512305664 341.982840733
1408 1867 18.6010752377 2.20516618822 343.025127461
1406 1865 18.6010752377 2.20516694101 344.079979566
1405 1864 18.6010752377 2.20516695415 345.123470203
1404 1863 17.8044938148 2.20516695438 346.130411374
1405 1861 24.5967477525 1.10034902714 350.423089859
1404 1861 24.2074368738 0.911793889964 350.805433808
1405 1859 23.7065391823 1.10048919972 351.112561346
1406 1859 25.0 0.911796336437 351.357616597
1406 1857 22.360679775 1.10048924242 351.552946377
1405 1859 25.0 0.632543656863 351.709131867
1407 1856 22.803508502 0.903629145994 351.834847071
1405 1852 15.6524758425 1.10034669805 351.93742521
1405 1852 16.4012194669 0.911793849313 352.023961333
1405 1850 14.7648230602 1.10048919901 352.102689021
1409 1848 12.5299640861 0.460569588946 352.852344387
1409 1848 12.2065556157 0.638828244481 353.199960524
1419 1844 17.0 3.14159265359 361.308049845
1411 1847 25.0 4.71238898038 362.603361533
1406 1851 37.2021504755 5.35066978636 363.924215198
1413 1841 15.2970585408 4.90802428246 365.256016759
1411 1836 12.2065556157 5.34258848486 367.890474266
1410 1834 11.401754251 5.34421555014 369.159671098
1409 1832 11.401754251 1.81867885876 370.37398316
1406 1829 13.0384048104 4.72914887999 371.517793284
1405 1827 11.401754251 5.35096230179 372.578687767
1404 1825 11.401754251 1.81879661179 373.548954555
1402 1822 12.0415945788 4.72915093517 374.426501556
1401 1820 11.1803398875 2.03483675887 375.215067345
1400 1818 11.1803398875 2.04511449898 375.923743835
1397 1817 12.1655250606 6.07700445149 376.56605145
1396 1816 10.1980390272 6.07261852016 377.158767626
1395 1816 10.1980390272 6.07254197121 377.720699486
1394 1816 10.1980390272 6.07254063518 378.271544855
1393 1816 10.1980390272 6.07254061186 378.830798592
1392 1816 10.1980390272 6.07254061146 379.416670823
1391 1816 10.1980390272 6.07254061145 380.727153349
1390 1816 10.1980390272 6.07254061145 381.470265884
1389 1816 10.1980390272 6.07254061145 382.274528915
1388 1816 10.1980390272 6.07254061145 383.133397056
1387 1816 11.1803398875 6.07254061145 384.033557869
1386 1816 11.1803398875 6.07254061145 384.955821463
1385 1816 11.1803398875 6.07254061145 385.87703874
1384 1817 12.1655250606 6.07254061145 387.619005607
1382 1819 16.2788205961 6.07254061145 388.397340744
1381 1819 16.2788205961 6.07254061145 389.095083414
1381 1819 16.2788205961 6.08999390397 389.708166298
1380 1819 16.2788205961 6.09029852139 390.241798874
1381 1817 12.5299640861 0.470343646545 390.710437153
1379 1819 15.2970585408 0.202666520969 391.136890547
1378 1819 15.0332963784 0.00600845607625 391.985419909
1377 1819 15.1327459504 6.0937752148 392.476318448
1376 1819 15.2970585408 6.10781781023 393.056233642
1378 1819 19.2353840617 1.41312721189 394.581737972
1378 1819 18.2482875909 1.38849179715 395.549838715
1381 1814 25.0 1.82773742829 397.849316032
1375 1814 14.7648230602 2.04149993378 399.119675857
1372 1813 11.401754251 5.34390307959 400.411985162
1372 1812 11.1803398875 2.04556620788 401.676014846
1371 1811 11.401754251 5.34397404946 402.86313982
1371 1810 11.1803398875 2.04556744654 403.931687972
1370 1809 11.401754251 5.34397407108 404.851030844
1370 1808 11.1803398875 2.04556744691 405.603788874
1369 1806 11.1803398875 2.04530178482 406.18603364
1366 1805 16.0312195419 4.71565090369 406.605696808
1368 1804 12.2065556157 2.20913406408 406.879760848
1365 1804 16.4924225025 4.9104965341 407.030903598
1366 1803 11.7046999107 5.98244594617 407.084297337
1364 1802 11.401754251 5.61718255738 407.064942406
1363 1802 11.401754251 5.97732665153 406.995763993
1361 1801 11.401754251 5.61709320884 406.896481253
1360 1801 11.1803398875 6.0645915547 406.783081024
1358 1801 10.4403065089 5.98513541164 406.667727136
1357 1801 11.1803398875 5.80921571513 406.558936925
1355 1800 10.4403065089 5.98067826241 406.461903421
1354 1800 11.1803398875 5.8091379232 406.378926548
1352 1799 11.1803398875 5.77123739444 406.309921041
1351 1799 13.6014705087 5.63094956527 406.253021319
1350 1798 11.1803398875 6.06483339375 406.205311735
1348 1799 12.1655250606 6.07240609512 406.163423029
1347 1799 13.152946438 6.0725382637 406.12414127
1346 1800 14.1421356237 6.07254057047 406.0848455
1345 1800 15.1327459504 6.08999390325 406.043665601
1344 1800 12.2065556157 0.644871255155 405.999560024
1344 1800 12.5299640861 0.467511990174 405.952129658
1342 1801 12.2065556157 0.638949412241 405.901310098
1341 1802 12.2065556157 0.641941559717 405.847057566
1340 1803 12.2065556157 0.641993782542 405.789091402
1339 1804 12.2065556157 0.641994694002 405.659139997
1339 1805 12.8062484749 0.64199470991 405.585111945
1338 1806 13.416407865 0.467461784989 405.503719206
1336 1806 12.3693168769 0.202616222996 405.414408498
1335 1806 12.0415945788 3.19996010936 405.31725164
1334 1806 12.0415945788 3.14261135787 405.213061148
1333 1806 12.1655250606 6.0912168692 405.103343563
1330 1805 12.2065556157 5.63076519265 404.875411135
1328 1804 13.6014705087 5.34924518252 404.761119258
1328 1804 13.416407865 5.81557062947 404.648217917
1325 1802 13.6014705087 5.35247064587 404.536516194
1324 1801 13.6014705087 5.34438802639 404.424397363
1323 1800 14.2126704036 5.34424695807 404.308839907
1322 1799 14.4222051019 5.25697803336 404.185750322
1322 1798 14.8660687473 1.90442273946 404.050562786
1321 1797 14.4222051019 2.11265151503 403.899001333
1319 1795 14.2126704036 2.20355225536 403.727877217
1319 1795 14.3178210633 2.03060584737 403.535721005
1319 1793 15.0332963784 1.5738017576 403.323104379
1317 1791 11.1803398875 2.03706792024 403.092583215
1316 1790 12.1655250606 1.38192832433 402.848285487
1315 1787 12.1655250606 4.52953992743 402.595271084
1314 1785 13.152946438 4.52717371992 402.338852488
1315 1783 12.2065556157 2.20584451665 402.084047695
1314 1781 12.1655250606 4.52646668523 401.835306145
1314 1780 12.1655250606 1.38552742813 401.59655711
1313 1777 11.0453610172 4.52960274364 401.371484704
1313 1775 11.0453610172 1.5775683804 401.163869416
1313 1773 12.5299640861 2.03713366021 400.977940264
1313 1772 12.1655250606 1.36447617919 400.818541206
1313 1769 12.3693168769 1.82397498945 400.69111342
1312 1767 13.6014705087 2.21596719203 400.601565325
1309 1766 11.1803398875 5.81818700572 400.556046946
1307 1764 11.401754251 5.35251631025 400.560803561
1306 1764 11.1803398875 5.81562772142 400.622187169
1304 1762 11.401754251 5.35247164231 400.746858156
1303 1762 11.1803398875 5.81562694182 400.942060014
1301 1760 11.401754251 5.3524716287 401.21581128
1299 1758 11.401754251 5.34438804354 401.57682896
1298 1758 11.1803398875 5.8154858564 402.033979507
1296 1756 11.401754251 5.3524691663 402.595161811
1295 1756 11.1803398875 5.8156268986 403.265724347
1293 1755 11.1803398875 5.77135064843 404.046574915
1292 1753 12.5299640861 2.03557328281 404.932359906
1290 1752 12.5299640861 5.81503853805 405.910173651
1290 1750 12.3693168769 1.82689627009 406.959145835
1285 1747 10.4403065089 5.98592936231 408.051199128
1281 1745 13.416407865 5.80922957218 409.152993219
1279 1739 11.1803398875 2.03623439475 410.228853554
1276 1736 10.4403065089 1.81824608957 411.24426702
1272 1733 11.1803398875 5.81124546298 412.169381411
1269 1730 10.4403065089 5.98071368819 412.981958787
1265 1726 11.1803398875 5.8091385415 413.669381107
1263 1722 10.4403065089 1.82679329573 414.229446545
1259 1719 11.1803398875 5.81139463987 414.669961405
1257 1715 10.4403065089 1.82683267207 415.007332358
1253 1712 10.4403065089 5.98592825231 415.264426467
1250 1708 10.4403065089 1.81242556574 415.468068846
1247 1704 11.1803398875 2.04123269136 415.6465351
1245 1701 11.1803398875 2.04522612906 415.827288619
1243 1698 11.1803398875 2.0452958277 416.035127468
1241 1695 10.4403065089 1.81840424141 416.290825204
1240 1692 11.1803398875 2.04133703894 416.610235063
1238 1689 10.4403065089 1.81833514751 417.00379752
1237 1686 11.1803398875 2.04133583302 417.476405141
1235 1683 10.4403065089 1.81833512646 418.027523824
1233 1679 10.4403065089 1.8144430299 418.651550254
1232 1676 11.1803398875 2.04126790276 419.33842785
1230 1673 10.4403065089 1.81833394085 420.07455418
1229 1670 11.1803398875 2.04133581196 420.843918337
1227 1667 11.1803398875 2.04522792885 421.629561839
1225 1664 11.1803398875 2.04529585911 422.415225029
1223 1663 13.152946438 6.07700761682 423.186982125
1220 1662 10.1980390272 6.0726185754 423.934733818
1218 1662 10.1980390272 6.07254197218 424.653237544
1174 1672 14.0356688476 0.0060066500057 437.817792522
1173 1672 14.1421356237 6.12868176832 438.104764802
1172 1671 14.1421356237 2.94938109841 438.396876379
1170 1670 16.1245154966 3.24790020021 438.691456705
1169 1669 13.6014705087 2.48022295454 438.981443517
1167 1668 13.6014705087 2.48922026753 439.256213367
1164 1668 13.8924439894 5.73568970898 439.502871504
1162 1667 14.3178210633 6.03175486907 439.707730481
1160 1666 13.8924439894 5.74021620808 439.857820725
1158 1664 13.6014705087 5.63040814343 439.942141131
1156 1663 13.6014705087 5.62849163115 439.952436563
1153 1661 14.2126704036 5.34920550139 439.883500562
1152 1660 15.0 5.34433103887 439.732892379
1150 1659 14.7648230602 5.81548486148 439.500208121
1149 1656 11.401754251 5.35246914893 439.186092486
1147 1655 11.1803398875 5.8156268983 438.791256216
1146 1653 12.5299640861 2.03634604915 438.315828386
1145 1651 11.1803398875 2.04514084106 437.759249782
1143 1649 14.1421356237 4.52366187697 437.120868061
1143 1648 14.1421356237 4.52707112858 436.401246467
1143 1646 14.1421356237 4.52713063125 435.603994858
1143 1644 14.1421356237 4.52713166977 434.737739684
1143 1642 14.1421356237 4.52713168789 433.817761006
1143 1641 14.1421356237 4.52713168821 432.866814035
1142 1639 13.3416640641 4.91110412365 431.914719418
1143 1637 12.1655250606 4.51637997893 430.996642792
1143 1635 12.1655250606 4.52694403549 430.150236172
1143 1634 12.1655250606 4.52712841306 429.4120475
1143 1632 12.1655250606 4.52713163105 428.813893315
1143 1630 12.1655250606 4.52713168722 428.379849381
1142 1628 12.2065556157 5.34743643663 428.124351012
1140 1623 10.0498756211 1.57438897855 428.051663724
1136 1618 10.0498756211 1.58329256366 428.156647985
1133 1613 10.0498756211 1.58344796053 428.426393046
1129 1608 10.0498756211 1.58345067272 428.84224734
1126 1603 10.0498756211 1.58345072006 429.381859017
1122 1598 10.0498756211 1.58345072088 430.020821682
1119 1593 10.0498756211 1.5834507209 430.733994932
1115 1588 10.0498756211 1.5834507209 431.496603399
1112 1583 10.0498756211 1.5834507209 432.28514339
1108 1578 10.0498756211 1.5834507209 433.078463805
1105 1573 10.0498756211 1.5834507209 433.858934076
1101 1568 10.0498756211 1.5834507209 434.613554379
1098 1563 11.1803398875 2.03723632642 435.334791514
1096 1561 13.152946438 1.36447797105 436.020655528
1095 1559 10.0498756211 1.57962892544 436.67377063
1095 1557 11.1803398875 2.0371696235 437.299293393
1094 1556 12.1655250606 4.52352275298 437.901861338
1094 1555 11.0453610172 1.57746226454 438.482188634
1094 1553 11.1803398875 2.03713180814 439.033951265
1093 1552 12.1655250606 4.52352209298 439.541889762
1093 1551 11.0453610172 1.57746225302 439.98177111
1093 1549 11.1803398875 2.03713180794 440.322431448
1091 1548 13.152946438 4.52352209297 440.529767548
1092 1547 11.0453610172 1.57746225302 440.571892234
1092 1546 10.4403065089 1.8276922977 440.424405264
1090 1545 14.5602197786 5.97575275432 438.786034912
1089 1543 11.1803398875 5.80905195687 437.888025733
1088 1542 11.401754251 5.61415626137 436.86276259
1087 1542 11.401754251 5.9772738327 435.746494535
1086 1542 11.1803398875 5.80907850469 434.574758425
1085 1541 11.401754251 5.61415672471 433.37993125
1084 1541 11.401754251 5.97727384079 431.02998069
1083 1541 11.1803398875 5.80907850483 429.920318757
1082 1540 11.401754251 5.61415672472 428.880083961
1081 1540 11.1803398875 6.06454030339 427.926090539
1080 1540 10.1980390272 6.07240097973 427.072735217
1079 1540 10.1980390272 6.07253817442 426.331036982
1078 1540 11.1803398875 6.07254056892 425.707457217
1077 1540 11.1803398875 6.07254061071 425.202877142
1076 1540 11.1803398875 6.07254061144 424.812170649
1074 1540 11.1803398875 6.07254061145 424.524580016
1073 1540 11.0453610172 3.19274734566 424.32481579
1071 1541 10.4403065089 0.245238913084 424.194709739
1070 1541 11.0453610172 0.0067514844891 424.115162282
1068 1542 11.1803398875 0.473827991674 424.067888417
1067 1542 10.4403065089 0.255087211824 424.036775182
1065 1542 11.1803398875 6.06321587415 424.008679476
1064 1542 11.1803398875 6.07237786408 423.973463095
1062 1543 11.1803398875 0.47003087207 423.923459661
1061 1543 10.4403065089 0.255020939585 423.852434708
1059 1543 10.1980390272 6.06321471748 423.75435187
1057 1543 10.1980390272 6.07237784389 423.622231528
1054 1543 10.4403065089 5.98527130802 423.447313747
1051 1543 12.1655250606 6.07101747477 423.21879576
1048 1543 12.6491106407 5.9852475651 422.924146088
1045 1541 10.4403065089 5.98375059778 422.549893861
1042 1540 10.1980390272 6.07099093337 422.082751936
1039 1540 10.4403065089 5.98524710187 421.510838662
1036 1539 10.1980390272 6.07101705229 420.824786504
1033 1539 10.4403065089 5.98524755773 420.01864889
1030 1538 10.4403065089 5.98375059765 419.090619132
1027 1537 10.1980390272 6.07099093337 418.043603268
1024 1537 10.4403065089 5.98524710187 416.885646175
1021 1536 10.1980390272 6.07101705229 415.630417816
1018 1536 10.1980390272 6.07251402033 414.297522229
1016 1536 10.1980390272 6.07254014735 412.912266065
1009 1536 12.8062484749 5.61415916175 399.408379365
1010 1542 10.1980390272 1.36074565317 395.087878678
1010 1545 10.1980390272 1.35267098145 393.265708888
1010 1548 10.1980390272 1.35253005184 391.293236846
1010 1551 10.1980390272 1.35252759215 389.225591824
1010 1554 10.1980390272 1.35252754922 387.131289241
1010 1557 10.1980390272 1.35252754848 385.084244234
1010 1560 10.1980390272 1.35252754846 383.155083919
1010 1563 10.1980390272 1.35252754846 381.403178474
1010 1566 10.1980390272 1.35252754846 379.87056053
1010 1569 10.1980390272 1.35252754846 378.578615746
1010 1572 10.1980390272 1.35252754846 377.527777225
1010 1574 10.4403065089 1.26526108586 376.69985486
1009 1578 10.1980390272 1.35100446136 376.062385343
1006 1583 12.6491106407 0.252943536821 375.574000196
1004 1584 11.401754251 1.26352301698 375.189912324
1002 1587 11.401754251 1.26370766374 374.86688444
1000 1591 12.1655250606 1.35097734903 374.56714299
997 1594 10.4403065089 1.26523402978 374.260987764
995 1597 11.401754251 1.26373752655 373.928059362
992 1602 13.6014705087 0.25142044148 373.557318544
990 1603 11.401754251 1.26349643395 373.145942024
988 1607 11.1803398875 1.35097366238 372.697433295
985 1612 12.6491106407 0.252942999277 372.219199738
983 1613 11.401754251 1.26352300759 371.720131895
981 1616 11.401754251 1.26370766357 371.208335403
978 1621 13.6014705087 0.251419920273 370.68940796
977 1622 13.6014705087 0.635177894134 370.16564901
974 1623 12.3693168769 0.24045000635 369.635855178
973 1623 13.0384048104 0.00666790229902 369.095907247
972 1623 13.152946438 6.07633343179 368.539817125
970 1623 13.152946438 6.07260680865 367.960735236
969 1623 13.152946438 6.07254176681 367.351851893
967 1624 15.2970585408 6.07254063161 366.706882387
967 1624 15.1327459504 6.08999390432 366.020066935
966 1624 13.6014705087 0.243445527215 365.285937585
964 1625 14.0356688476 0.00672018400093 364.499122235
963 1625 14.1421356237 6.07633434428 363.654586761
961 1625 14.1421356237 6.07260682458 362.748594129
960 1624 13.152946438 6.07254176709 361.780351783
959 1624 12.6491106407 5.98527416902 360.754108269
956 1621 12.2065556157 5.35543253139 359.681079686
954 1619 12.2065556157 5.34443972104 358.580538326
952 1618 12.5299640861 5.81548675835 357.47949168
949 1615 11.401754251 5.35246918204 356.410666627
947 1613 11.401754251 5.34438800084 355.40901632
945 1612 11.1803398875 5.81548585566 354.507405363
941 1610 13.6014705087 5.35246916629 353.732416477
940 1609 13.416407865 5.8156268986 353.101198486
938 1606 12.2065556157 5.35247162795 352.620021527
935 1603 13.9283882772 2.76130075058 352.284677275
933 1602 13.0384048104 5.25174621868 352.082398329
931 1601 12.2065556157 5.62188273382 351.994635526
928 1598 12.2065556157 2.4867501811 351.999914283
926 1596 13.0384048104 5.24695440728 352.076205665
925 1594 13.6014705087 2.48020644734 352.202518549
923 1593 14.2126704036 2.48921997943 352.359740939
921 1592 13.6014705087 2.48937729524 352.530999242
921 1591 15.6524758425 2.0355944354 352.701855706
918 1590 12.8062484749 2.48146003593 352.860647232
916 1588 13.6014705087 2.48924185868 352.998868284
914 1587 13.6014705087 2.48937767711 353.111664669
912 1586 13.6014705087 2.48938004758 353.198271606
910 1585 13.6014705087 2.48938008896 353.262084803
908 1584 14.2126704036 2.21012740936 353.31058889
905 1584 11.1803398875 5.81808508228 353.354879846
903 1583 11.1803398875 5.77139355183 353.40899242
901 1581 11.401754251 5.35169961041 353.489283096
900 1579 13.6014705087 2.20278191569 353.613752625
898 1577 13.6014705087 2.20512532761 353.801594902
896 1575 13.6014705087 2.20516622786 354.072707775
894 1572 14.2126704036 2.2051669417 354.446931613
892 1570 14.2126704036 2.20516695416 354.94304503
889 1568 13.6014705087 2.20516695438 355.577114179
887 1565 13.6014705087 2.4844196347 356.360237376
885 1564 14.4222051019 2.59401326854 357.295920471
882 1562 15.6524758425 2.66573920837 358.377393055
880 1561 16.1554944214 5.93075676341 359.585601084
876 1558 15.2643375225 5.24976126804 360.888474177
875 1557 15.2315462117 5.90110077021 362.241970892
873 1553 11.401754251 5.35396342843 363.593036445
872 1551 11.1803398875 2.04574179409 364.884140412
871 1549 10.4403065089 1.81841202499 366.05869491
871 1548 11.1803398875 2.04133717479 367.066383686
870 1546 10.4403065089 1.81833514988 367.867407499
869 1544 12.1655250606 4.5197033709 368.43507088
869 1543 11.0453610172 1.57739560375 368.756559603
869 1541 11.1803398875 2.03713064469 368.83217089
868 1539 11.0453610172 1.5739156368 368.673629701
868 1538 10.4403065089 1.82763039757 368.302115798
867 1536 12.1655250606 4.51986560357 367.746467177
867 1535 11.0453610172 1.57739843524 367.041729857
867 1533 11.1803398875 2.03713069411 366.227972931
866 1531 11.1803398875 2.0451545357 365.349059042
865 1530 12.0415945788 4.71564833371 364.451058106
863 1530 12.1655250606 6.06631166613 363.580142786
858 1526 10.1980390272 6.07243189584 362.780062177
852 1523 10.1980390272 6.072538714 362.089372366
846 1520 10.1980390272 6.07254057833 361.538760372
840 1517 10.1980390272 6.07254061087 361.148846337
834 1514 10.1980390272 6.07254061144 360.92864664
828 1511 10.1980390272 6.07254061145 360.87504585
823 1507 10.1980390272 6.07254061145 360.97317761
817 1504 10.1980390272 6.07254061145 361.197672377
811 1501 10.1980390272 6.07254061145 361.514802386
805 1498 10.1980390272 6.07254061145 361.885080492
799 1495 10.1980390272 6.07254061145 362.266303835
793 1492 10.1980390272 6.07254061145 362.616742648
787 1489 10.1980390272 6.07254061145 362.898091725
782 1485 10.4403065089 5.98527414885 363.078069033
778 1481 10.4403065089 5.98375106175 363.132386968
774 1477 10.4403065089 5.98372447887 363.045973631
770 1473 10.4403065089 5.98372401491 362.81337378
766 1469 10.4403065089 5.98372400681 362.438230998
762 1465 10.4403065089 5.98372400667 361.932014075
758 1461 10.4403065089 5.98372400667 361.312100445
754 1457 10.4403065089 5.98372400667 360.599394447
751 1452 10.4403065089 1.8123870944 359.815870647
748 1448 13.6014705087 1.81433921715 358.982347616
745 1444 14.0356688476 1.58748048536 358.116817822
739 1439 13.6014705087 1.82786714884 357.233587075
736 1435 14.5602197786 1.81460939507 356.343295166
733 1431 16.0312195419 1.58748520086 355.453653534
729 1426 13.6014705087 1.82786723114 354.57065234
726 1422 13.6014705087 1.81460939651 353.699870443
722 1417 12.2065556157 5.35739638519 352.847572917
721 1412 10.0498756211 1.57456281245 352.021278196
718 1407 10.0498756211 1.58329559763 351.229696639
716 1402 10.0498756211 1.58344801349 350.482112712
714 1397 10.0498756211 1.58345067365 349.787351528
711 1392 10.0498756211 1.58345072007 349.152625192
709 1387 10.0498756211 1.58345072089 348.582497134
707 1382 10.0498756211 1.5834507209 348.078212848
704 1377 10.0498756211 1.5834507209 347.637472013
702 1372 10.0498756211 1.5834507209 347.254713533
700 1367 10.0498756211 1.5834507209 346.921798143
690 1360 10.1980390272 6.06282023149 346.36611553
685 1357 10.1980390272 6.07237095881 346.123208878
679 1354 10.1980390272 6.07253765045 345.891418696
674 1351 10.1980390272 6.07254055977 345.663016995
668 1349 10.1980390272 6.07254061055 345.431181136
662 1346 10.4403065089 5.98527414883 345.189357003
657 1343 11.1803398875 6.07101752435 344.930383408
651 1341 13.152946438 6.07251402857 344.645614548
646 1337 10.1980390272 6.07254014749 344.324237463
640 1334 10.1980390272 6.07254060335 343.953042827
635 1331 10.1980390272 6.07254061131 343.516790153
629 1328 11.1803398875 6.07254061145 342.999236299
623 1328 16.2788205961 6.07254061145 342.384788171
617 1329 17.7200451467 0.243140909789 340.818791232
614 1332 19.6468827044 0.251060962703 339.858501065
611 1334 19.6468827044 0.251199193703 338.787224628
610 1335 19.2353840617 0.460641116529 337.621211797
606 1338 20.3960780544 0.202497179875 336.384642921
605 1338 19.2093727123 0.634324031235 335.107609623
602 1340 19.2093727123 0.641860831589 333.823159012
598 1343 19.2353840617 0.467459448371 332.563836347
594 1345 19.6468827044 0.254976059775 331.358302103
591 1348 20.6155281281 0.251267525038 330.2285858
588 1350 20.6155281281 0.251202798896 329.188394622
585 1351 19.6468827044 0.251201669212 328.242702688
582 1348 12.1655250606 2.95646199009 327.388395934
580 1348 12.0415945788 3.24802378509 326.616092727
579 1348 11.0453610172 3.14345022726 325.912337456
578 1348 11.0453610172 3.14162507437 325.261763642
577 1348 11.0453610172 3.14159321944 324.649042438
576 1348 11.0453610172 3.14159266347 324.059834745
575 1348 12.0415945788 3.14159265376 323.480996215
574 1348 12.0415945788 3.14159265359 322.899921861
573 1348 11.1803398875 5.81194640914 322.303069179
572 1348 12.8062484749 5.61420677909 321.674057022
572 1347 12.1655250606 2.95785510845 320.991660532
569 1345 16.1245154966 3.24804809959 320.228293184
568 1345 16.0312195419 3.14345065163 319.349564209
567 1343 20.0249843945 3.14162508177 318.315451761
565 1341 10.0498756211 1.58322986994 315.613234007
563 1336 10.0498756211 1.58344686632 313.873822846
561 1331 10.0498756211 1.58345065362 311.849579372
559 1326 10.0498756211 1.58345071973 309.546331745
556 1321 10.0498756211 1.58345072088 306.994491718
554 1316 10.0498756211 1.5834507209 304.248618495
552 1311 10.0498756211 1.5834507209 301.382931443
550 1306 10.0498756211 1.5834507209 298.483292848
548 1301 10.0498756211 1.5834507209 295.637039094
545 1296 10.4403065089 1.82779681618 292.92259447
543 1292 10.0498756211 1.58771536478 290.400947867
541 1287 10.0498756211 1.58352515298 288.110477009
539 1282 10.4403065089 1.82779811526 286.065845368
535 1278 13.0384048104 4.72930804104 284.260724183
535 1277 11.401754251 5.35096507968 281.272403455
534 1276 11.401754251 5.3443617493 278.899466538
533 1275 11.401754251 5.34424649944 277.870268006
532 1274 11.401754251 5.34424448795 276.027113449
531 1273 11.401754251 5.34424445285 274.394687322
530 1273 12.8062484749 5.34424445223 273.637767212
529 1272 11.1803398875 6.07728273806 272.207384454
527 1272 10.1980390272 6.07262337717 270.842774227
525 1272 10.1980390272 6.07254205598 270.171141174
522 1272 10.1980390272 6.07254063666 269.501810076
520 1272 10.1980390272 6.07254061189 268.832115324
518 1272 10.1980390272 6.07254061146 268.158765672
515 1272 11.1803398875 6.07254061145 267.47585376
513 1272 11.1803398875 6.07254061145 266.772610731
510 1273 10.4403065089 0.243140909789 266.031403781
508 1273 10.1980390272 6.06300737184 265.226330587
506 1273 10.1980390272 6.07237422503 264.322946332
503 1273 10.1980390272 6.07253770746 263.279442214
501 1273 10.1980390272 6.07254056077 262.049444059
499 1273 11.1803398875 5.81074122277 260.586422475
496 1271 14.0356688476 3.18817808435 258.849369145
492 1270 13.0 2.7584332873 256.809071646
488 1267 13.6014705087 2.21482327353 254.454073093
483 1264 13.6014705087 2.20533548895 251.795189438
479 1261 13.6014705087 2.20516989587 248.867520469
474 1257 14.2126704036 2.20516700572 245.729230567
469 1254 14.2126704036 2.20516695528 242.456929561
465 1252 13.6014705087 2.2051669544 239.138174284
461 1249 13.416407865 2.03063402919 235.862217146
456 1246 13.416407865 2.04504114751 232.710616806
452 1243 13.416407865 2.04529259916 229.749194731
445 1241 10.1980390272 6.07700755992 227.022674801
440 1238 10.4403065089 5.98535211181 224.552672855
436 1234 11.401754251 5.35543389174 222.338930882
434 1232 13.416407865 2.04576745852 220.36314844
433 1231 13.6014705087 2.20238490836 218.594437337
432 1230 13.6014705087 2.20511839852 216.995263758
432 1229 14.1421356237 2.3622457396 215.527025945
429 1228 15.8113883008 5.34950114996 214.154653608
429 1227 14.3178210633 5.09999010363 212.849959349
429 1226 15.0 5.35743470215 211.59371114
431 1225 14.1421356237 1.38257726349 210.376450077
428 1224 13.6014705087 5.349856002 209.198354245
429 1222 11.0453610172 1.57443120794 208.068079185
429 1220 11.1803398875 2.03707890622 207.000823541
428 1219 12.1655250606 4.52352116966 206.015779751
428 1218 11.401754251 1.82180833219 205.133202532
428 1217 11.1803398875 2.04139645153 204.371200204
428 1216 12.1655250606 1.36455057894 203.742952559
427 1212 11.1803398875 2.03341579821 203.254372998
426 1210 10.4403065089 1.81819689578 202.902598428
425 1207 11.1803398875 2.04133342008 202.675504702
424 1205 12.1655250606 4.52359542494 202.55191346
423 1202 11.0453610172 4.7190561865 202.502578244
423 1200 11.0453610172 4.53048140262 202.491815504
423 1198 10.4403065089 1.82192981117 202.479457396
422 1196 11.1803398875 1.36072016346 202.422949517
422 1193 11.401754251 1.82390943461 202.27950018
422 1191 12.1655250606 1.36075471441 202.007849358
421 1188 11.401754251 1.82391003763 201.569761871
421 1186 12.1655250606 1.36075472493 200.930989707
418 1187 16.2788205961 6.06506012016 200.061665753
409 1180 10.1980390272 6.07241005225 198.936225381
400 1176 10.1980390272 6.07253833276 197.533092926
390 1173 10.1980390272 6.07254057168 195.834537233
381 1169 10.1980390272 6.07254061076 193.827091732
371 1165 10.1980390272 6.07254061144 191.502745357
362 1162 10.1980390272 6.07254061145 188.861000325
352 1158 10.1980390272 6.07254061145 185.91148313
343 1154 10.1980390272 6.07254061145 182.67650297
333 1151 10.1980390272 6.07254061145 179.192844971
324 1147 10.1980390272 6.07254061145 175.512138324
314 1143 10.1980390272 6.07254061145 171.699223516
305 1140 10.1980390272 6.07254061145 167.828549325
295 1136 10.1980390272 6.07254061145 163.978943581
288 1134 11.1803398875 6.07254061145 160.227508238
286 1135 12.1655250606 6.07254061145 156.643588255
283 1135 11.401754251 0.243140909789 153.283735362
281 1136 11.1803398875 0.460500472942 150.188348645
279 1137 11.1803398875 0.46429411298 147.380365854
276 1138 12.1655250606 6.06686722339 144.865909495
274 1138 11.1803398875 0.469934693247 142.636514298
271 1139 11.401754251 0.255019260947 140.672384418
269 1140 11.1803398875 0.46070778928 138.945955018
267 1140 11.0453610172 0.0105121258143 137.42543667
264 1141 11.401754251 0.247000824488 136.077895027
262 1142 11.1803398875 0.460567841163 134.871710505
260 1142 11.0453610172 0.0105096832589 133.77842576
257 1143 10.4403065089 0.247000781857 132.773950818
256 1143 10.0498756211 0.00678223490019 131.839170432
254 1143 10.1980390272 6.07633542727 130.960098638
253 1143 10.1980390272 6.07260684348 130.127387295
252 1143 10.1980390272 6.07254176742 129.335538021
250 1143 10.4403065089 5.98527416903 128.581813532
249 1143 11.1803398875 5.8092181369 127.864947287
248 1142 11.0453610172 3.18815150148 127.183880942
247 1142 11.1803398875 6.07455840213 126.536717526
245 1142 10.1980390272 6.07257582854 125.919942435
244 1142 10.1980390272 6.0725412261 125.327946101
243 1142 10.1980390272 6.07254062218 124.753019796
241 1142 11.1803398875 5.81074122384 124.185523891
240 1139 15.0332963784 3.18817808437 123.614395942
239 1139 15.0332963784 3.14240572274 123.027889821
239 1139 13.6014705087 2.47838172857 122.414548063
238 1139 13.416407865 2.71608093484 121.76430995
236 1138 13.3416640641 6.10616831749 121.069661648
235 1138 14.3178210633 5.89859460044 120.326690405
234 1137 12.8062484749 5.61571907532 119.535902158
233 1136 12.8062484749 5.34898257823 118.702560894
232 1135 12.8062484749 5.34432714812 117.836481641
231 1134 12.8062484749 5.34424589554 116.063041065
229 1133 14.3178210633 5.09989838214 115.188907129
228 1131 16.2788205961 4.88619420327 114.345368094
228 1129 17.2626765016 1.41035674097 112.805353371
228 1128 16.2788205961 1.40589673583 112.128597956
228 1127 16.2788205961 1.40581889406 111.521130666
229 1124 15.6524758425 4.23973796539 110.513759408
230 1122 15.5563491861 3.92870377582 110.105365856
231 1122 15.6204993518 0.886402306659 109.74974638
232 1120 16.1554944214 1.22221908063 109.435384347
233 1118 15.6524758425 1.08845384886 109.148402255
234 1118 16.1245154966 0.545067137019 108.873070811
234 1117 15.8113883008 0.640303004905 108.59252382
235 1116 15.0 0.641965184366 108.289691544
237 1113 13.416407865 1.09577980039 107.948414134
238 1112 14.5602197786 1.27823328483 107.554665246
239 1110 16.1245154966 1.38613745399 107.097780077
239 1109 16.1245154966 1.38802073701 106.571523357
239 1108 16.1245154966 1.3880536065 105.974820923
239 1107 17.2626765016 1.38805418019 104.592872088
239 1106 17.2626765016 1.3880541902 103.831128249
239 1105 17.2626765016 1.38805419037 103.04377417
239 1103 17.0293863659 1.58004040809 101.464398617
239 1101 16.7630546142 1.82773729499 100.705326079
236 1101 12.5299640861 2.04149993145 99.306128399
236 1100 12.2065556157 2.20231042596 98.675378459
232 1099 10.4403065089 5.98357223765 97.006889909
229 1098 10.1980390272 6.0709878204 96.481547358
225 1098 10.4403065089 5.98524704753 95.938110989
222 1097 10.1980390272 6.07101705134 95.350671852
219 1097 10.4403065089 5.98524755771 94.691037493
216 1096 10.1980390272 6.07101706025 93.930712794
212 1095 10.1980390272 6.07251402046 93.043568624
209 1095 10.4403065089 5.98527368475 92.008984424
206 1094 10.1980390272 6.07101751625 90.815090169
203 1094 10.4403065089 5.98524756582 89.461534503
200 1093 10.1980390272 6.07101706039 87.961270885
196 1093 10.4403065089 5.98524755787 86.340748871
193 1092 10.1980390272 6.07101706025 84.638373613
186 1094 15.1327459504 6.08999390397 76.577573479
186 1095 15.6524758425 0.470338329968 75.335773447
185 1095 14.5602197786 0.255026305737 74.260123313
183 1095 14.0356688476 0.00692230671609 73.342265782
183 1095 14.7648230602 0.473830973084 72.563106146
181 1094 11.401754251 0.255087263859 71.896364649
180 1094 11.0453610172 0.00692337063603 71.31247171
179 1095 12.1655250606 6.09379118307 70.782291515
178 1095 11.1803398875 0.470404604991 70.28023709
177 1095 11.401754251 0.255027462455 69.786473312
176 1097 14.0356688476 0.00692232690462 69.288125756
175 1096 11.1803398875 0.473830973437 68.779441798
175 1097 13.6014705087 0.255087263865 67.73841621
173 1097 13.0384048104 0.00692337063613 67.219863679
172 1097 13.152946438 6.07633789055 66.714296122
171 1097 13.6014705087 5.98534042387 65.768496683
170 1097 13.416407865 5.80921929327 65.332600488
169 1096 13.6014705087 5.61415918194 64.514284319
168 1090 10.1980390272 1.35252755167 61.779742609
168 1088 10.1980390272 1.35252754852 61.195083999
168 1086 10.1980390272 1.35252754846 60.559663424
168 1084 10.1980390272 1.35252754846 59.8684796
168 1082 10.1980390272 1.35252754846 59.115523481
168 1080 10.1980390272 1.35252754846 58.294255926
168 1078 10.1980390272 1.35252754846 57.398853662
168 1075 10.1980390272 1.35252754846 56.426077147
168 1073 10.1980390272 1.35252754846 55.377239848
168 1070 10.4403065089 1.8237664465 54.259871346
167 1065 15.5563491861 2.36279542161 51.884546298
167 1064 16.4012194669 2.48717077045 49.487790006
165 1064 15.2315462117 2.71623433256 47.299285051
164 1064 14.5602197786 2.87731187859 45.505237855
162 1065 12.1655250606 6.09152903579 44.786170791
161 1065 13.152946438 6.09032531449 43.69791156
159 1067 16.2788205961 6.07285101307 42.995041946
158 1070 22.360679775 6.07254602898 42.74299693
156 1073 29.6141857899 6.072540706 42.336626702
163 1067 22.360679775 1.09835224492 41.942637285
163 1069 25.0 0.911759039539 41.717373605
156 1067 12.2065556157 0.629249693425 41.174738044
156 1068 12.8062484749 0.641772267687 40.494725869
155 1069 12.8062484749 0.641990827839 39.681552082
154 1069 12.0830459736 4.2897327791 39.228848868
154 1070 12.5299640861 1.1021429617 38.747507658
154 1070 12.2065556157 0.911825200028 38.239029597
153 1072 11.7046999107 1.27502267138 37.147075773
153 1072 11.1803398875 1.10682873789 36.567359174
153 1073 12.2065556157 0.911906982251 35.968231687
152 1074 11.401754251 1.27502409875 35.35250621
152 1075 11.1803398875 1.1068287628 34.723419513
152 1076 12.2065556157 0.911906982686 34.084647402
151 1077 11.401754251 1.27502409876 32.794688763
151 1078 11.1803398875 1.1068287628 32.152647616
151 1079 12.2065556157 0.911906982686 31.519056472
150 1081 13.6014705087 0.62925227552 30.898949886
148 1079 18.0277563773 3.14194232935 29.169413076
147 1080 15.0332963784 3.14159875658 28.1700078
146 1082 12.0415945788 3.14159276011 27.725920584
145 1082 11.0453610172 3.14159265545 27.320077153
144 1082 11.0453610172 3.14159265362 26.950938283
143 1082 12.0415945788 3.14159265359 26.614805329
142 1082 11.401754251 5.98647933434 26.305789959
141 1082 11.1803398875 5.80923917101 26.016070422
140 1082 12.8062484749 5.61415952887 25.456083312
139 1080 14.0356688476 3.18474708654 25.164314367
138 1078 17.0293863659 3.14234584053 24.849466167
137 1078 18.0277563773 3.14160579918 24.499630909
144 1080 26.0192236625 1.57079655623 24.102561895
137 1079 13.6014705087 1.82757595934 23.645761366
135 1077 11.401754251 5.35762269441 23.116882622
134 1076 11.401754251 5.3444779466 22.504537495
134 1075 12.2065556157 2.20265587388 21.799483484
132 1073 13.0384048104 4.71839725063 20.996071381
131 1073 13.6014705087 5.35077465046 20.093629603
131 1071 12.2065556157 5.34435842568 19.097423572
130 1069 11.401754251 4.90791412844 18.018924733
130 1068 12.0415945788 4.72576381325 16.875188836
129 1067 11.401754251 5.35090322123 15.68739621
129 1066 11.1803398875 2.0456883834 14.478867121
128 1064 11.1803398875 2.04530389556 13.272890213
126 1063 14.0356688476 4.71565094053 12.090763013
126 1060 13.6014705087 2.48838674504 10.950445106
124 1059 14.2126704036 2.21011007224 9.86584758
120 1059 11.1803398875 5.8180847797 8.846827487
118 1057 11.401754251 5.35251452607 7.899741644
116 1056 11.1803398875 5.81562769028 7.028248908
113 1054 11.1803398875 5.77135066225 6.234296148
111 1052 11.401754251 5.35169886184 5.519043073
109 1051 11.401754251 5.99014637945 4.883627371
106 1049 11.401754251 5.3555175675 4.329728312
104 1047 11.401754251 5.3444412052 3.859837198
102 1046 11.401754251 5.99001970945 3.477223713
99 1044 11.401754251 5.35551535669 3.185647877
97 1043 11.1803398875 5.81568006465 2.98876508
95 1042 10.1980390272 6.06805754919 2.889503317
