2090.0 1488.0 0.0
2088.39239239 1486.39239239 0.0
2086.78478478 1484.78478478 0.0
2085.17717718 1483.17717718 0.0
2083.56956957 1481.56956957 0.0
2081.96196196 1479.96196196 0.0
2080.35435435 1478.35435435 0.0
2078.74674675 1476.74674675 0.0
2077.13913914 1475.13913914 0.0
2075.53153153 1473.53153153 0.0
2073.92392392 1471.92392392 0.0
2072.31631632 1470.31631632 0.0
2070.70870871 1468.70870871 0.0
2069.1011011 1467.1011011 0.0
2067.21721722 1465.26326326 0.0
2064.73273273 1462.92492492 0.0
2062.24824825 1460.58658659 0.0
2059.76376376 1458.24824825 0.0
2057.27927928 1455.90990991 0.0
2054.79479479 1453.57157157 0.0
2052.31031031 1451.23323323 0.0
2049.82582583 1448.89489489 0.0
2047.34134134 1446.55655656 0.0
2044.85685686 1444.21821822 0.0
2042.37237237 1441.87987988 0.0
2039.88788789 1439.54154154 0.0
2037.4034034 1437.2032032 0.0
2034.91891892 1434.86486486 0.0
2033.26326326 1433.72372372 0.0
2032.09409409 1433.28528529 0.0
2030.92492492 1432.84684685 0.0
2029.75575576 1432.40840841 0.0
2028.58658659 1431.96996997 0.0
2027.41741742 1431.53153153 0.0
2026.24824825 1431.09309309 0.0
2025.07907908 1430.65465465 0.0
2023.90990991 1430.21621622 0.0
2022.74074074 1429.77777778 0.0
2021.57157157 1429.33933934 0.0
2020.4024024 1428.9009009 0.0
2019.23323323 1428.46246246 0.0
2018.06406406 1428.02402402 0.0
2016.61861862 1428.0 0.0
2015.15715716 1428.0 0.0
2013.6956957 1428.0 0.0
2012.23423423 1428.0 0.0
2010.77277277 1428.0 0.0
2009.31131131 1428.0 0.0
2007.84984985 1428.0 0.0
2006.38838839 1428.0 0.0
2004.92692693 1428.0 0.0
2003.46546547 1428.0 0.0
2002.004004 1428.0 0.0
2000.54254254 1428.0 0.0
1999.08108108 1428.0 0.0
1997.80980981 1428.38038038 0.0
1997.07907908 1429.84184184 0.0
1996.34834835 1431.3033033 0.0
1995.61761762 1432.76476476 0.0
1994.88688689 1434.22622623 0.0
1994.15615616 1435.68768769 0.0
1993.42542543 1437.14914915 0.0
1992.69469469 1438.61061061 0.0
1991.96396396 1440.07207207 0.0
1991.23323323 1441.53353353 0.0
1990.5025025 1442.99499499 0.0
1989.77177177 1444.45645646 0.0
1989.04104104 1445.91791792 0.0
1988.31031031 1447.37937938 0.0
1987.57957958 1448.58858859 0.0
1986.84884885 1449.61161161 0.0
1986.11811812 1450.63463463 0.0
1985.38738739 1451.65765766 0.0
1984.65665666 1452.68068068 0.0
1983.92592593 1453.7037037 0.0
1983.1951952 1454.72672673 0.0
1982.46446446 1455.74974975 0.0
1981.73373373 1456.77277277 0.0
1981.003003 1457.7957958 0.0
1980.27227227 1458.81881882 0.0
1979.54154154 1459.84184184 0.0
1978.81081081 1460.86486486 0.0
1978.08008008 1461.88788789 0.0
1977.34934935 1461.60960961 0.0
1976.61861862 1461.17117117 0.0
1975.88788789 1460.73273273 0.0
1975.15715716 1460.29429429 0.0
1974.42642643 1459.85585586 0.0
1973.6956957 1459.41741742 0.0
1972.96496496 1458.97897898 0.0
1972.23423423 1458.54054054 0.0
1971.5035035 1458.1021021 0.0
1970.77277277 1457.66366366 0.0
1970.04204204 1457.22522523 0.0
1969.31131131 1456.78678679 0.0
1968.58058058 1456.34834835 0.0
1967.75975976 1456.03003003 0.0
1966.59059059 1456.17617618 0.0
1965.42142142 1456.32232232 0.0
1964.25225225 1456.46846847 0.0
1963.08308308 1456.61461461 0.0
1961.91391391 1456.76076076 0.0
1960.74474474 1456.90690691 0.0
1959.57557558 1457.05305305 0.0
1958.40640641 1457.1991992 0.0
1957.23723724 1457.34534535 0.0
1956.06806807 1457.49149149 0.0
1954.8988989 1457.63763764 0.0
1953.72972973 1457.78378378 0.0
1952.56056056 1457.92992993 0.0
1951.6956957 1457.92392392 0.0
1951.11111111 1457.77777778 0.0
1950.52652653 1457.63163163 0.0
1949.94194194 1457.48548549 0.0
1949.35735736 1457.33933934 0.0
1948.77277277 1457.19319319 0.0
1948.18818819 1457.04704705 0.0
1947.6036036 1456.9009009 0.0
1947.01901902 1456.75475475 0.0
1946.43443443 1456.60860861 0.0
1945.84984985 1456.46246246 0.0
1945.26526527 1456.31631632 0.0
1944.68068068 1456.17017017 0.0
1944.0960961 1456.02402402 0.0
1942.9009009 1456.61061061 0.0
1941.58558559 1457.34134134 0.0
1940.27027027 1458.07207207 0.0
1938.95495495 1458.8028028 0.0
1937.63963964 1459.53353353 0.0
1936.32432432 1460.26426426 0.0
1935.00900901 1460.99499499 0.0
1933.69369369 1461.72572573 0.0
1932.37837838 1462.45645646 0.0
1931.06306306 1463.18718719 0.0
1929.74774775 1463.91791792 0.0
1928.43243243 1464.64864865 0.0
1927.11711712 1465.37937938 0.0
1925.93393393 1465.82382382 0.0
1925.4954955 1464.65465465 0.0
1925.05705706 1463.48548549 0.0
1924.61861862 1462.31631632 0.0
1924.18018018 1461.14714715 0.0
1923.74174174 1459.97797798 0.0
1923.3033033 1458.80880881 0.0
1922.86486486 1457.63963964 0.0
1922.42642643 1456.47047047 0.0
1921.98798799 1455.3013013 0.0
1921.54954955 1454.13213213 0.0
1921.11111111 1452.96296296 0.0
1920.67267267 1451.79379379 0.0
1920.23423423 1450.62462462 0.0
1919.31931932 1449.38738739 0.0
1917.85785786 1448.07207207 0.0
1916.3963964 1446.75675676 0.0
1914.93493493 1445.44144144 0.0
1913.47347347 1444.12612613 0.0
1912.01201201 1442.81081081 0.0
1910.55055055 1441.4954955 0.0
1909.08908909 1440.18018018 0.0
1907.62762763 1438.86486486 0.0
1906.16616617 1437.54954955 0.0
1904.7047047 1436.23423423 0.0
1903.24324324 1434.91891892 0.0
1901.78178178 1433.6036036 0.0
1900.32032032 1432.28828829 0.0
1899.77177177 1431.08708709 0.0
1899.47947948 1429.91791792 0.0
1899.18718719 1428.74874875 0.0
1898.89489489 1427.57957958 0.0
1898.6026026 1426.41041041 0.0
1898.31031031 1425.24124124 0.0
1898.01801802 1424.07207207 0.0
1897.72572573 1422.9029029 0.0
1897.43343343 1421.73373373 0.0
1897.14114114 1420.56456456 0.0
1896.84884885 1419.3953954 0.0
1896.55655656 1418.22622623 0.0
1896.26426426 1417.05705706 0.0
1895.88788789 1416.0 0.0
1894.71871872 1416.0 0.0
1893.54954955 1416.0 0.0
1892.38038038 1416.0 0.0
1891.21121121 1416.0 0.0
1890.04204204 1416.0 0.0
1888.87287287 1416.0 0.0
1887.7037037 1416.0 0.0
1886.53453453 1416.0 0.0
1885.36536537 1416.0 0.0
1884.1961962 1416.0 0.0
1883.02702703 1416.0 0.0
1881.85785786 1416.0 0.0
1880.68868869 1416.0 0.0
1879.45945946 1415.45945946 0.0
1878.14414414 1414.14414414 0.0
1876.82882883 1412.82882883 0.0
1875.51351351 1411.51351351 0.0
1874.1981982 1410.1981982 0.0
1872.88288288 1408.88288288 0.0
1871.56756757 1407.56756757 0.0
1870.25225225 1406.25225225 0.0
1868.93693694 1404.93693694 0.0
1867.62162162 1403.62162162 0.0
1866.30630631 1402.30630631 0.0
1864.99099099 1400.99099099 0.0
1863.67567568 1399.67567568 0.0
1862.36036036 1398.36036036 0.0
1861.25725726 1398.42442442 0.0
1860.23423423 1399.00900901 0.0
1859.21121121 1399.59359359 0.0
1858.18818819 1400.17817818 0.0
1857.16516517 1400.76276276 0.0
1856.14214214 1401.34734735 0.0
1855.11911912 1401.93193193 0.0
1854.0960961 1402.51651652 0.0
1853.07307307 1403.1011011 0.0
1852.05005005 1403.68568569 0.0
1851.02702703 1404.27027027 0.0
1850.004004 1404.85485485 0.0
1848.98098098 1405.43943944 0.0
1848.0 1406.04204204 0.0
1848.0 1407.06506507 0.0
1848.0 1408.08808809 0.0
1848.0 1409.11111111 0.0
1848.0 1410.13413413 0.0
1848.0 1411.15715716 0.0
1848.0 1412.18018018 0.0
1848.0 1413.2032032 0.0
1848.0 1414.22622623 0.0
1848.0 1415.24924925 0.0
1848.0 1416.27227227 0.0
1848.0 1417.2952953 0.0
1848.0 1418.31831832 0.0
1848.0 1419.34134134 0.0
1847.16716717 1419.42742743 0.0
1844.82882883 1417.81981982 0.0
1842.49049049 1416.21221221 0.0
1840.15215215 1414.6046046 0.0
1837.81381381 1412.996997 0.0
1835.47547548 1411.38938939 0.0
1833.13713714 1409.78178178 0.0
1830.7987988 1408.17417417 0.0
1828.46046046 1406.56656657 0.0
1826.12212212 1404.95895896 0.0
1823.78378378 1403.35135135 0.0
1821.44544545 1401.74374374 0.0
1819.10710711 1400.13613614 0.0
1816.76876877 1398.52852853 0.0
1816.0 1397.41141141 0.0
1816.0 1396.53453453 0.0
1816.0 1395.65765766 0.0
1816.0 1394.78078078 0.0
1816.0 1393.9039039 0.0
1816.0 1393.02702703 0.0
1816.0 1392.15015015 0.0
1816.0 1391.27327327 0.0
1816.0 1390.3963964 0.0
1816.0 1389.51951952 0.0
1816.0 1388.64264264 0.0
1816.0 1387.76576577 0.0
1816.0 1386.88888889 0.0
1816.0 1386.01201201 0.0
1816.28828829 1385.27927928 0.0
1816.58058058 1384.54854855 0.0
1816.87287287 1383.81781782 0.0
1817.16516517 1383.08708709 0.0
1817.45745746 1382.35635636 0.0
1817.74974975 1381.62562563 0.0
1818.04204204 1380.89489489 0.0
1818.33433433 1380.16416416 0.0
1818.62662663 1379.43343343 0.0
1818.91891892 1378.7027027 0.0
1819.21121121 1377.97197197 0.0
1819.5035035 1377.24124124 0.0
1819.7957958 1376.51051051 0.0
1819.64764765 1375.82382382 0.0
1818.47847848 1375.23923924 0.0
1817.30930931 1374.65465465 0.0
1816.14014014 1374.07007007 0.0
1814.97097097 1373.48548549 0.0
1813.8018018 1372.9009009 0.0
1812.63263263 1372.31631632 0.0
1811.46346346 1371.73173173 0.0
1810.29429429 1371.14714715 0.0
1809.12512513 1370.56256256 0.0
1807.95595596 1369.97797798 0.0
1806.78678679 1369.39339339 0.0
1805.61761762 1368.80880881 0.0
1804.44844845 1368.22422422 0.0
1803.72972973 1367.0990991 0.0
1803.29129129 1365.63763764 0.0
1802.85285285 1364.17617618 0.0
1802.41441441 1362.71471471 0.0
1801.97597598 1361.25325325 0.0
1801.53753754 1359.79179179 0.0
1801.0990991 1358.33033033 0.0
1800.66066066 1356.86886887 0.0
1800.22222222 1355.40740741 0.0
1799.78378378 1353.94594595 0.0
1799.34534535 1352.48448448 0.0
1798.90690691 1351.02302302 0.0
1798.46846847 1349.56156156 0.0
1798.03003003 1348.1001001 0.0
1798.68068068 1347.18318318 0.0
1799.41141141 1346.30630631 0.0
1800.14214214 1345.42942943 0.0
1800.87287287 1344.55255255 0.0
1801.6036036 1343.67567568 0.0
1802.33433433 1342.7987988 0.0
1803.06506507 1341.92192192 0.0
1803.7957958 1341.04504505 0.0
1804.52652653 1340.16816817 0.0
1805.25725726 1339.29129129 0.0
1805.98798799 1338.41441441 0.0
1806.71871872 1337.53753754 0.0
1807.44944945 1336.66066066 0.0
1807.78378378 1335.67567568 0.0
1806.90690691 1334.36036036 0.0
1806.03003003 1333.04504505 0.0
1805.15315315 1331.72972973 0.0
1804.27627628 1330.41441441 0.0
1803.3993994 1329.0990991 0.0
1802.52252252 1327.78378378 0.0
1801.64564565 1326.46846847 0.0
1800.76876877 1325.15315315 0.0
1799.89189189 1323.83783784 0.0
1799.01501502 1322.52252252 0.0
1798.13813814 1321.20720721 0.0
1797.26126126 1319.89189189 0.0
1796.38438438 1318.57657658 0.0
1794.85085085 1317.75375375 0.0
1792.8048048 1317.31531532 0.0
1790.75875876 1316.87687688 0.0
1788.71271271 1316.43843844 0.0
1786.66666667 1316.0 0.0
1784.62062062 1315.56156156 0.0
1782.57457457 1315.12312312 0.0
1780.52852853 1314.68468468 0.0
1778.48248248 1314.24624625 0.0
1776.43643644 1313.80780781 0.0
1774.39039039 1313.36936937 0.0
1772.34434434 1312.93093093 0.0
1770.2982983 1312.49249249 0.0
1768.25225225 1312.05405405 0.0
1766.97497497 1310.59059059 0.0
1765.80580581 1308.98298298 0.0
1764.63663664 1307.37537538 0.0
1763.46746747 1305.76776777 0.0
1762.2982983 1304.16016016 0.0
1761.12912913 1302.55255255 0.0
1759.95995996 1300.94494494 0.0
1758.79079079 1299.33733734 0.0
1757.62162162 1297.72972973 0.0
1756.45245245 1296.12212212 0.0
1755.28328328 1294.51451451 0.0
1754.11411411 1292.90690691 0.0
1752.94494494 1291.2992993 0.0
1751.32732733 1289.38338338 0.0
1747.81981982 1286.16816817 0.0
1744.31231231 1282.95295295 0.0
1740.8048048 1279.73773774 0.0
1737.2972973 1276.52252252 0.0
1733.78978979 1273.30730731 0.0
1730.28228228 1270.09209209 0.0
1726.77477477 1266.87687688 0.0
1723.26726727 1263.66166166 0.0
1719.75975976 1260.44644645 0.0
1716.25225225 1257.23123123 0.0
1712.74474474 1254.01601602 0.0
1709.23723724 1250.8008008 0.0
1705.72972973 1247.58558559 0.0
1702.44444444 1245.18518519 0.0
1699.37537538 1243.57757758 0.0
1696.30630631 1241.96996997 0.0
1693.23723724 1240.36236236 0.0
1690.16816817 1238.75475475 0.0
1687.0990991 1237.14714715 0.0
1684.03003003 1235.53953954 0.0
1680.96096096 1233.93193193 0.0
1677.89189189 1232.32432432 0.0
1674.82282282 1230.71671672 0.0
1671.75375375 1229.10910911 0.0
1668.68468468 1227.5015015 0.0
1665.61561562 1225.89389389 0.0
1662.54654655 1224.28628629 0.0
1662.12012012 1221.95795796 0.0
1662.26626627 1219.47347347 0.0
1662.41241241 1216.98898899 0.0
1662.55855856 1214.5045045 0.0
1662.7047047 1212.02002002 0.0
1662.85085085 1209.53553554 0.0
1662.996997 1207.05105105 0.0
1663.14314314 1204.56656657 0.0
1663.28928929 1202.08208208 0.0
1663.43543544 1199.5975976 0.0
1663.58158158 1197.11311311 0.0
1663.72772773 1194.62862863 0.0
1663.87387387 1192.14414414 0.0
1664.1001001 1189.81981982 0.0
1664.83083083 1188.5045045 0.0
1665.56156156 1187.18918919 0.0
1666.29229229 1185.87387387 0.0
1667.02302302 1184.55855856 0.0
1667.75375375 1183.24324324 0.0
1668.48448448 1181.92792793 0.0
1669.21521522 1180.61261261 0.0
1669.94594595 1179.2972973 0.0
1670.67667668 1177.98198198 0.0
1671.40740741 1176.66666667 0.0
1672.13813814 1175.35135135 0.0
1672.86886887 1174.03603604 0.0
1673.5995996 1172.72072072 0.0
1673.33933934 1171.14114114 0.0
1671.87787788 1169.24124124 0.0
1670.41641642 1167.34134134 0.0
1668.95495495 1165.44144144 0.0
1667.49349349 1163.54154154 0.0
1666.03203203 1161.64164164 0.0
1664.57057057 1159.74174174 0.0
1663.10910911 1157.84184184 0.0
1661.64764765 1155.94194194 0.0
1660.18618619 1154.04204204 0.0
1658.72472472 1152.14214214 0.0
1657.26326326 1150.24224224 0.0
1655.8018018 1148.34234234 0.0
1654.34034034 1146.44244244 0.0
1652.65465465 1145.88788789 0.0
1650.9009009 1145.74174174 0.0
1649.14714715 1145.5955956 0.0
1647.39339339 1145.44944945 0.0
1645.63963964 1145.3033033 0.0
1643.88588589 1145.15715716 0.0
1642.13213213 1145.01101101 0.0
1640.37837838 1144.86486486 0.0
1638.62462462 1144.71871872 0.0
1636.87087087 1144.57257257 0.0
1635.11711712 1144.42642643 0.0
1633.36336336 1144.28028028 0.0
1631.60960961 1144.13413413 0.0
1629.59159159 1143.71171171 0.0
1624.62262262 1140.2042042 0.0
1619.65365365 1136.6966967 0.0
1614.68468468 1133.18918919 0.0
1609.71571572 1129.68168168 0.0
1604.74674675 1126.17417417 0.0
1599.77777778 1122.66666667 0.0
1594.80880881 1119.15915916 0.0
1589.83983984 1115.65165165 0.0
1584.87087087 1112.14414414 0.0
1579.9019019 1108.63663664 0.0
1574.93293293 1105.12912913 0.0
1569.96396396 1101.62162162 0.0
1564.99499499 1098.11411411 0.0
1561.47747748 1095.88388388 0.0
1560.16216216 1095.59159159 0.0
1558.84684685 1095.2992993 0.0
1557.53153153 1095.00700701 0.0
1556.21621622 1094.71471471 0.0
1554.9009009 1094.42242242 0.0
1553.58558559 1094.13013013 0.0
1552.27027027 1093.83783784 0.0
1550.95495495 1093.54554555 0.0
1549.63963964 1093.25325325 0.0
1548.32432432 1092.96096096 0.0
1547.00900901 1092.66866867 0.0
1545.69369369 1092.37637638 0.0
1544.37837838 1092.08408408 0.0
1543.79179179 1091.37537538 0.0
1543.4994995 1090.4984985 0.0
1543.20720721 1089.62162162 0.0
1542.91491491 1088.74474474 0.0
1542.62262262 1087.86786787 0.0
1542.33033033 1086.99099099 0.0
1542.03803804 1086.11411411 0.0
1541.74574575 1085.23723724 0.0
1541.45345345 1084.36036036 0.0
1541.16116116 1083.48348348 0.0
1540.86886887 1082.60660661 0.0
1540.57657658 1081.72972973 0.0
1540.28428428 1080.85285285 0.0
1540.00800801 1079.95995996 0.0
1540.3003003 1078.4984985 0.0
1540.59259259 1077.03703704 0.0
1540.88488488 1075.57557558 0.0
1541.17717718 1074.11411411 0.0
1541.46946947 1072.65265265 0.0
1541.76176176 1071.19119119 0.0
1542.05405405 1069.72972973 0.0
1542.34634635 1068.26826827 0.0
1542.63863864 1066.80680681 0.0
1542.93093093 1065.34534535 0.0
1543.22322322 1063.88388388 0.0
1543.51551552 1062.42242242 0.0
1543.80780781 1060.96096096 0.0
1543.7997998 1058.94894895 0.0
1543.21521522 1055.87987988 0.0
1542.63063063 1052.81081081 0.0
1542.04604605 1049.74174174 0.0
1541.46146146 1046.67267267 0.0
1540.87687688 1043.6036036 0.0
1540.29229229 1040.53453453 0.0
1539.70770771 1037.46546547 0.0
1539.12312312 1034.3963964 0.0
1538.53853854 1031.32732733 0.0
1537.95395395 1028.25825826 0.0
1537.36936937 1025.18918919 0.0
1536.78478478 1022.12012012 0.0
1536.2002002 1019.05105105 0.0
1536.0 1017.61561562 0.0
1536.0 1017.03103103 0.0
1536.0 1016.44644645 0.0
1536.0 1015.86186186 0.0
1536.0 1015.27727728 0.0
1536.0 1014.69269269 0.0
1536.0 1014.10810811 0.0
1536.0 1013.52352352 0.0
1536.0 1012.93893894 0.0
1536.0 1012.35435435 0.0
1536.0 1011.76976977 0.0
1536.0 1011.18518519 0.0
1536.0 1010.6006006 0.0
1536.0 1010.01601602 0.0
1538.98498498 1010.0 0.0
1542.05405405 1010.0 0.0
1545.12312312 1010.0 0.0
1548.19219219 1010.0 0.0
1551.26126126 1010.0 0.0
1554.33033033 1010.0 0.0
1557.3993994 1010.0 0.0
1560.46846847 1010.0 0.0
1563.53753754 1010.0 0.0
1566.60660661 1010.0 0.0
1569.67567568 1010.0 0.0
1572.74474474 1010.0 0.0
1575.81381381 1010.0 0.0
1578.92492492 1009.32732733 0.0
1582.14014014 1006.98898899 0.0
1585.35535536 1004.65065065 0.0
1588.57057057 1002.31231231 0.0
1591.78578579 999.973973974 0.0
1595.001001 997.635635636 0.0
1598.21621622 995.297297297 0.0
1601.43143143 992.958958959 0.0
1604.64664665 990.620620621 0.0
1607.86186186 988.282282282 0.0
1611.07707708 985.943943944 0.0
1614.29229229 983.605605606 0.0
1617.50750751 981.267267267 0.0
1620.72272272 978.928928929 0.0
1622.08808809 977.207207207 0.0
1622.23423423 975.891891892 0.0
1622.38038038 974.576576577 0.0
1622.52652653 973.261261261 0.0
1622.67267267 971.945945946 0.0
1622.81881882 970.630630631 0.0
1622.96496496 969.315315315 0.0
1623.11111111 968.0 0.0
1623.25725726 966.684684685 0.0
1623.4034034 965.369369369 0.0
1623.54954955 964.054054054 0.0
1623.6956957 962.738738739 0.0
1623.84184184 961.423423423 0.0
1623.98798799 960.108108108 0.0
1622.25625626 957.853853854 0.0
1620.35635636 955.515515516 0.0
1618.45645646 953.177177177 0.0
1616.55655656 950.838838839 0.0
1614.65665666 948.500500501 0.0
1612.75675676 946.162162162 0.0
1610.85685686 943.823823824 0.0
1608.95695696 941.485485485 0.0
1607.05705706 939.147147147 0.0
1605.15715716 936.808808809 0.0
1603.25725726 934.47047047 0.0
1601.35735736 932.132132132 0.0
1599.45745746 929.793793794 0.0
1597.72772773 927.557557558 0.0
1596.55855856 925.657657658 0.0
1595.38938939 923.757757758 0.0
1594.22022022 921.857857858 0.0
1593.05105105 919.957957958 0.0
1591.88188188 918.058058058 0.0
1590.71271271 916.158158158 0.0
1589.54354354 914.258258258 0.0
1588.37437437 912.358358358 0.0
1587.20520521 910.458458458 0.0
1586.03603604 908.558558559 0.0
1584.86686687 906.658658659 0.0
1583.6976977 904.758758759 0.0
1582.52852853 902.858858859 0.0
1580.7987988 900.798798799 0.0
1578.60660661 898.606606607 0.0
1576.41441441 896.414414414 0.0
1574.22222222 894.222222222 0.0
1572.03003003 892.03003003 0.0
1569.83783784 889.837837838 0.0
1567.64564565 887.645645646 0.0
1565.45345345 885.453453453 0.0
1563.26126126 883.261261261 0.0
1561.06906907 881.069069069 0.0
1558.87687688 878.876876877 0.0
1556.68468468 876.684684685 0.0
1554.49249249 874.492492492 0.0
1552.3003003 872.3003003 0.0
1550.61261261 871.621621622 0.0
1549.00500501 871.183183183 0.0
1547.3973974 870.744744745 0.0
1545.78978979 870.306306306 0.0
1544.18218218 869.867867868 0.0
1542.57457457 869.429429429 0.0
1540.96696697 868.990990991 0.0
1539.35935936 868.552552553 0.0
1537.75175175 868.114114114 0.0
1536.14414414 867.675675676 0.0
1534.53653654 867.237237237 0.0
1532.92892893 866.798798799 0.0
1531.32132132 866.36036036 0.0
1529.45345345 864.958958959 0.0
1526.38438438 859.113113113 0.0
1523.31531532 853.267267267 0.0
1520.24624625 847.421421421 0.0
1517.17717718 841.575575576 0.0
1514.10810811 835.72972973 0.0
1511.03903904 829.883883884 0.0
1507.96996997 824.038038038 0.0
1504.9009009 818.192192192 0.0
1501.83183183 812.346346346 0.0
1498.76276276 806.500500501 0.0
1495.69369369 800.654654655 0.0
1492.62462462 794.808808809 0.0
1489.55555556 788.962962963 0.0
1485.98198198 783.981981982 0.0
1481.88988989 779.88988989 0.0
1477.7977978 775.797797798 0.0
1473.70570571 771.705705706 0.0
1469.61361361 767.613613614 0.0
1465.52152152 763.521521522 0.0
1461.42942943 759.429429429 0.0
1457.33733734 755.337337337 0.0
1453.24524525 751.245245245 0.0
1449.15315315 747.153153153 0.0
1445.06106106 743.061061061 0.0
1440.96896897 738.968968969 0.0
1436.87687688 734.876876877 0.0
1432.78478478 730.784784785 0.0
1427.98398398 728.11011011 0.0
1423.01501502 725.771771772 0.0
1418.04604605 723.433433433 0.0
1413.07707708 721.095095095 0.0
1408.10810811 718.756756757 0.0
1403.13913914 716.418418418 0.0
1398.17017017 714.08008008 0.0
1393.2012012 711.741741742 0.0
1388.23223223 709.403403403 0.0
1383.26326326 707.065065065 0.0
1378.29429429 704.726726727 0.0
1373.32532533 702.388388388 0.0
1368.35635636 700.05005005 0.0
1363.63963964 697.315315315 0.0
1360.71671672 691.761761762 0.0
1357.79379379 686.208208208 0.0
1354.87087087 680.654654655 0.0
1351.94794795 675.101101101 0.0
1349.02502503 669.547547548 0.0
1346.1021021 663.993993994 0.0
1343.17917918 658.44044044 0.0
1340.25625626 652.886886887 0.0
1337.33333333 647.333333333 0.0
1334.41041041 641.77977978 0.0
1331.48748749 636.226226226 0.0
1328.56456456 630.672672673 0.0
1325.64164164 625.119119119 0.0
1324.83283283 620.718718719 0.0
1326.73273273 617.795795796 0.0
1328.63263263 614.872872873 0.0
1330.53253253 611.94994995 0.0
1332.43243243 609.027027027 0.0
1334.33233233 606.104104104 0.0
1336.23223223 603.181181181 0.0
1338.13213213 600.258258258 0.0
1340.03203203 597.335335335 0.0
1341.93193193 594.412412412 0.0
1343.83183183 591.489489489 0.0
1345.73173173 588.566566567 0.0
1347.63163163 585.643643644 0.0
1349.53153153 582.720720721 0.0
1349.88988989 581.229229229 0.0
1349.74374374 580.206206206 0.0
1349.5975976 579.183183183 0.0
1349.45145145 578.16016016 0.0
1349.30530531 577.137137137 0.0
1349.15915916 576.114114114 0.0
1349.01301301 575.091091091 0.0
1348.86686687 574.068068068 0.0
1348.72072072 573.045045045 0.0
1348.57457457 572.022022022 0.0
1348.42842843 570.998998999 0.0
1348.28228228 569.975975976 0.0
1348.13613614 568.952952953 0.0
1347.65965966 567.84984985 0.0
1342.69069069 565.657657658 0.0
1337.72172172 563.465465465 0.0
1332.75275275 561.273273273 0.0
1327.78378378 559.081081081 0.0
1322.81481481 556.888888889 0.0
1317.84584585 554.696696697 0.0
1312.87687688 552.504504505 0.0
1307.90790791 550.312312312 0.0
1302.93893894 548.12012012 0.0
1297.96996997 545.927927928 0.0
1293.001001 543.735735736 0.0
1288.03203203 541.543543544 0.0
1283.06306306 539.351351351 0.0
1279.77577578 537.775775776 0.0
1279.19119119 537.191191191 0.0
1278.60660661 536.606606607 0.0
1278.02202202 536.022022022 0.0
1277.43743744 535.437437437 0.0
1276.85285285 534.852852853 0.0
1276.26826827 534.268268268 0.0
1275.68368368 533.683683684 0.0
1275.0990991 533.099099099 0.0
1274.51451451 532.514514515 0.0
1273.92992993 531.92992993 0.0
1273.34534535 531.345345345 0.0
1272.76076076 530.760760761 0.0
1272.17617618 530.176176176 0.0
1272.1021021 528.366366366 0.0
1272.24824825 526.028028028 0.0
1272.39439439 523.68968969 0.0
1272.54054054 521.351351351 0.0
1272.68668669 519.013013013 0.0
1272.83283283 516.674674675 0.0
1272.97897898 514.336336336 0.0
1273.12512513 511.997997998 0.0
1273.27127127 509.65965966 0.0
1273.41741742 507.321321321 0.0
1273.56356356 504.982982983 0.0
1273.70970971 502.644644645 0.0
1273.85585586 500.306306306 0.0
1273.95995996 497.935935936 0.0
1271.03703704 493.259259259 0.0
1268.11411411 488.582582583 0.0
1265.19119119 483.905905906 0.0
1262.26826827 479.229229229 0.0
1259.34534535 474.552552553 0.0
1256.42242242 469.875875876 0.0
1253.4994995 465.199199199 0.0
1250.57657658 460.522522523 0.0
1247.65365365 455.845845846 0.0
1244.73073073 451.169169169 0.0
1241.80780781 446.492492492 0.0
1238.88488488 441.815815816 0.0
1235.96196196 437.139139139 0.0
1233.61561562 433.855855856 0.0
1232.44644645 433.417417417 0.0
1231.27727728 432.978978979 0.0
1230.10810811 432.540540541 0.0
1228.93893894 432.102102102 0.0
1227.76976977 431.663663664 0.0
1226.6006006 431.225225225 0.0
1225.43143143 430.786786787 0.0
1224.26226226 430.348348348 0.0
1223.09309309 429.90990991 0.0
1221.92392392 429.471471471 0.0
1220.75475475 429.033033033 0.0
1219.58558559 428.594594595 0.0
1218.41641642 428.156156156 0.0
1216.4004004 427.623623624 0.0
1213.91591592 427.039039039 0.0
1211.43143143 426.454454454 0.0
1208.94694695 425.86986987 0.0
1206.46246246 425.285285285 0.0
1203.97797798 424.700700701 0.0
1201.49349349 424.116116116 0.0
1199.00900901 423.531531532 0.0
1196.52452452 422.946946947 0.0
1194.04004004 422.362362362 0.0
1191.55555556 421.777777778 0.0
1189.07107107 421.193193193 0.0
1186.58658659 420.608608609 0.0
1184.1021021 420.024024024 0.0
1180.4964965 410.890890891 0.0
1176.84284284 401.391391391 0.0
1173.18918919 391.891891892 0.0
1169.53553554 382.392392392 0.0
1165.88188188 372.892892893 0.0
1162.22822823 363.393393393 0.0
1158.57457457 353.893893894 0.0
1154.92092092 344.394394394 0.0
1151.26726727 334.894894895 0.0
1147.61361361 325.395395395 0.0
1143.95995996 315.895895896 0.0
1140.30630631 306.396396396 0.0
1136.65265265 296.896896897 0.0
1134.2002002 289.359359359 0.0
1134.93093093 287.021021021 0.0
1135.66166166 284.682682683 0.0
1136.39239239 282.344344344 0.0
1137.12312312 280.006006006 0.0
1137.85385385 277.667667668 0.0
1138.58458458 275.329329329 0.0
1139.31531532 272.990990991 0.0
1140.04604605 270.652652653 0.0
1140.77677678 268.314314314 0.0
1141.50750751 265.975975976 0.0
1142.23823824 263.637637638 0.0
1142.96896897 261.299299299 0.0
1143.6996997 258.960960961 0.0
1143.91391391 257.225225225 0.0
1143.76776777 255.90990991 0.0
1143.62162162 254.594594595 0.0
1143.47547548 253.279279279 0.0
1143.32932933 251.963963964 0.0
1143.18318318 250.648648649 0.0
1143.03703704 249.333333333 0.0
1142.89089089 248.018018018 0.0
1142.74474474 246.702702703 0.0
1142.5985986 245.387387387 0.0
1142.45245245 244.072072072 0.0
1142.30630631 242.756756757 0.0
1142.16016016 241.441441441 0.0
1142.01401401 240.126126126 0.0
1141.20720721 239.207207207 0.0
1140.33033033 238.33033033 0.0
1139.45345345 237.453453453 0.0
1138.57657658 236.576576577 0.0
1137.6996997 235.6996997 0.0
1136.82282282 234.822822823 0.0
1135.94594595 233.945945946 0.0
1135.06906907 233.069069069 0.0
1134.19219219 232.192192192 0.0
1133.31531532 231.315315315 0.0
1132.43843844 230.438438438 0.0
1131.56156156 229.561561562 0.0
1130.68468468 228.684684685 0.0
1129.67967968 228.16016016 0.0
1128.21821822 228.890890891 0.0
1126.75675676 229.621621622 0.0
1125.2952953 230.352352352 0.0
1123.83383383 231.083083083 0.0
1122.37237237 231.813813814 0.0
1120.91091091 232.544544545 0.0
1119.44944945 233.275275275 0.0
1117.98798799 234.006006006 0.0
1116.52652653 234.736736737 0.0
1115.06506507 235.467467467 0.0
1113.6036036 236.198198198 0.0
1112.14214214 236.928928929 0.0
1110.68068068 237.65965966 0.0
1109.60960961 237.921921922 0.0
1108.87887888 237.775775776 0.0
1108.14814815 237.62962963 0.0
1107.41741742 237.483483483 0.0
1106.68668669 237.337337337 0.0
1105.95595596 237.191191191 0.0
1105.22522523 237.045045045 0.0
1104.49449449 236.898898899 0.0
1103.76376376 236.752752753 0.0
1103.03303303 236.606606607 0.0
1102.3023023 236.46046046 0.0
1101.57157157 236.314314314 0.0
1100.84084084 236.168168168 0.0
1100.11011011 236.022022022 0.0
1099.5035035 233.269269269 0.0
1098.91891892 230.054054054 0.0
1098.33433433 226.838838839 0.0
1097.74974975 223.623623624 0.0
1097.16516517 220.408408408 0.0
1096.58058058 217.193193193 0.0
1095.995996 213.977977978 0.0
1095.41141141 210.762762763 0.0
1094.82682683 207.547547548 0.0
1094.24224224 204.332332332 0.0
1093.65765766 201.117117117 0.0
1093.07307307 197.901901902 0.0
1092.48848849 194.686686687 0.0
1092.04804805 191.831831832 0.0
1092.34034034 190.808808809 0.0
1092.63263263 189.785785786 0.0
1092.92492492 188.762762763 0.0
1093.21721722 187.73973974 0.0
1093.50950951 186.716716717 0.0
1093.8018018 185.693693694 0.0
1094.09409409 184.670670671 0.0
1094.38638639 183.647647648 0.0
1094.67867868 182.624624625 0.0
1094.97097097 181.601601602 0.0
1095.26326326 180.578578579 0.0
1095.55555556 179.555555556 0.0
1095.84784785 178.532532533 0.0
1096.0 177.64964965 0.0
1096.0 176.918918919 0.0
1096.0 176.188188188 0.0
1096.0 175.457457457 0.0
1096.0 174.726726727 0.0
1096.0 173.995995996 0.0
1096.0 173.265265265 0.0
1096.0 172.534534535 0.0
1096.0 171.803803804 0.0
1096.0 171.073073073 0.0
1096.0 170.342342342 0.0
1096.0 169.611611612 0.0
1096.0 168.880880881 0.0
1096.0 168.15015015 0.0
1094.37437437 168.0 0.0
1092.32832833 168.0 0.0
1090.28228228 168.0 0.0
1088.23623624 168.0 0.0
1086.19019019 168.0 0.0
1084.14414414 168.0 0.0
1082.0980981 168.0 0.0
1080.05205205 168.0 0.0
1078.00600601 168.0 0.0
1075.95995996 168.0 0.0
1073.91391391 168.0 0.0
1071.86786787 168.0 0.0
1069.82182182 168.0 0.0
1067.96796797 167.935935936 0.0
1067.67567568 167.351351351 0.0
1067.38338338 166.766766767 0.0
1067.09109109 166.182182182 0.0
1066.7987988 165.597597598 0.0
1066.50650651 165.013013013 0.0
1066.21421421 164.428428428 0.0
1065.92192192 163.843843844 0.0
1065.62962963 163.259259259 0.0
1065.33733734 162.674674675 0.0
1065.04504505 162.09009009 0.0
1064.75275275 161.505505506 0.0
1064.46046046 160.920920921 0.0
1064.16816817 160.336336336 0.0
1064.24824825 159.813813814 0.0
1064.83283283 159.375375375 0.0
1065.41741742 158.936936937 0.0
1066.002002 158.498498498 0.0
1066.58658659 158.06006006 0.0
1067.17117117 157.621621622 0.0
1067.75575576 157.183183183 0.0
1068.34034034 156.744744745 0.0
1068.92492492 156.306306306 0.0
1069.50950951 155.867867868 0.0
1070.09409409 155.429429429 0.0
1070.67867868 154.990990991 0.0
1071.26326326 154.552552553 0.0
1071.84784785 154.114114114 0.0
1072.64864865 153.783783784 0.0
1073.52552553 153.491491491 0.0
1074.4024024 153.199199199 0.0
1075.27927928 152.906906907 0.0
1076.15615616 152.614614615 0.0
1077.03303303 152.322322322 0.0
1077.90990991 152.03003003 0.0
1078.78678679 151.737737738 0.0
1079.66366366 151.445445445 0.0
1080.54054054 151.153153153 0.0
1081.41741742 150.860860861 0.0
1082.29429429 150.568568569 0.0
1083.17117117 150.276276276 0.0
1083.99199199 149.951951952 0.0
1083.84584585 149.075075075 0.0
1083.6996997 148.198198198 0.0
1083.55355355 147.321321321 0.0
1083.40740741 146.444444444 0.0
1083.26126126 145.567567568 0.0
1083.11511512 144.690690691 0.0
1082.96896897 143.813813814 0.0
1082.82282282 142.936936937 0.0
1082.67667668 142.06006006 0.0
1082.53053053 141.183183183 0.0
1082.38438438 140.306306306 0.0
1082.23823824 139.429429429 0.0
1082.09209209 138.552552553 0.0
1081.51351351 137.72972973 0.0
1080.1981982 136.998998999 0.0
1078.88288288 136.268268268 0.0
1077.56756757 135.537537538 0.0
1076.25225225 134.806806807 0.0
1074.93693694 134.076076076 0.0
1073.62162162 133.345345345 0.0
1072.30630631 132.614614615 0.0
1070.99099099 131.883883884 0.0
1069.67567568 131.153153153 0.0
1068.36036036 130.422422422 0.0
1067.04504505 129.691691692 0.0
1065.72972973 128.960960961 0.0
1064.41441441 128.23023023 0.0
1062.8988989 126.398398398 0.0
1061.29129129 124.06006006 0.0
1059.68368368 121.721721722 0.0
1058.07607608 119.383383383 0.0
1056.46846847 117.045045045 0.0
1054.86086086 114.706706707 0.0
1053.25325325 112.368368368 0.0
1051.64564565 110.03003003 0.0
1050.03803804 107.691691692 0.0
1048.43043043 105.353353353 0.0
1046.82282282 103.015015015 0.0
1045.21521522 100.676676677 0.0
1043.60760761 98.3383383383 0.0
1042.0 96.0 0.0
