2090.0 1488.0 191.015942512
2088.39239239 1486.39239239 191.446666741
2086.78478478 1484.78478478 192.295178899
2085.17717718 1483.17717718 193.535384871
2083.56956957 1481.56956957 195.127784262
2081.96196196 1479.96196196 197.019544302
2080.35435435 1478.35435435 199.145296286
2078.74674675 1476.74674675 201.429059342
2077.13913914 1475.13913914 203.787488257
2075.53153153 1473.53153153 206.134507142
2073.92392392 1471.92392392 208.386594196
2072.31631632 1470.31631632 210.468703598
2070.70870871 1468.70870871 212.319569952
2069.1011011 1467.1011011 213.895727744
2067.21721722 1465.26326326 215.173727529
2064.73273273 1462.92492492 216.150152688
2062.24824825 1460.58658659 216.83968015
2059.76376376 1458.24824825 217.271613463
2057.27927928 1455.90990991 217.485687882
2054.79479479 1453.57157157 217.527686407
2052.31031031 1451.23323323 217.445610864
2049.82582583 1448.89489489 217.286704671
2047.34134134 1446.55655656 217.095384439
2044.85685686 1444.21821822 216.911973726
2042.37237237 1441.87987988 216.771915789
2039.88788789 1439.54154154 216.705282944
2037.4034034 1437.2032032 216.736389181
2034.91891892 1434.86486486 216.883566794
2033.26326326 1433.72372372 217.158999931
2032.09409409 1433.28528529 217.568869232
2030.92492492 1432.84684685 218.113965605
2029.75575576 1432.40840841 218.790702911
2028.58658659 1431.96996997 219.592390168
2027.41741742 1431.53153153 220.510623296
2026.24824825 1431.09309309 221.536580425
2025.07907908 1430.65465465 222.661669096
2023.90990991 1430.21621622 223.877838933
2022.74074074 1429.77777778 225.177143917
2021.57157157 1429.33933934 226.55079138
2020.4024024 1428.9009009 227.987898552
2019.23323323 1428.46246246 229.474291089
2018.06406406 1428.02402402 230.991661095
2016.61861862 1428.0 232.517288061
2015.15715716 1428.0 234.024559667
2013.6956957 1428.0 235.484253291
2012.23423423 1428.0 236.866467416
2010.77277277 1428.0 238.142927018
2009.31131131 1428.0 239.289379673
2007.84984985 1428.0 240.287732334
2006.38838839 1428.0 241.127672448
2004.92692693 1428.0 241.807504009
2003.46546547 1428.0 242.334300736
2002.004004 1428.0 242.723218123
2000.54254254 1428.0 242.996197321
1999.08108108 1428.0 243.180364219
1997.80980981 1428.38038038 243.306118586
1997.07907908 1429.84184184 243.405219533
1996.34834835 1431.3033033 243.50897089
1995.61761762 1432.76476476 243.646580555
1994.88688689 1434.22622623 243.843763591
1994.15615616 1435.68768769 244.121575963
1993.42542543 1437.14914915 244.495486143
1992.69469469 1438.61061061 244.974646836
1991.96396396 1440.07207207 245.561424116
1991.23323323 1441.53353353 246.251118877
1990.5025025 1442.99499499 247.032036396
1989.77177177 1444.45645646 247.885903501
1989.04104104 1445.91791792 248.788829833
1988.31031031 1447.37937938 249.712851807
1987.57957958 1448.58858859 250.628033417
1986.84884885 1449.61161161 251.505058441
1986.11811812 1450.63463463 252.317911879
1985.38738739 1451.65765766 253.046481781
1984.65665666 1452.68068068 253.678570452
1983.92592593 1453.7037037 254.211022864
1983.1951952 1454.72672673 254.649804845
1982.46446446 1455.74974975 255.009055381
1981.73373373 1456.77277277 255.309234979
1981.003003 1457.7957958 255.574764414
1980.27227227 1458.81881882 255.831380355
1979.54154154 1459.84184184 256.103600049
1978.81081081 1460.86486486 256.412550377
1978.08008008 1461.88788789 256.774290737
1977.34934935 1461.60960961 257.19882061
1976.61861862 1461.17117117 257.689683492
1975.88788789 1460.73273273 258.244219932
1975.15715716 1460.29429429 258.854279642
1974.42642643 1459.85585586 259.507365982
1973.6956957 1459.41741742 260.187968519
1972.96496496 1458.97897898 260.878974284
1972.23423423 1458.54054054 261.563044938
1971.5035035 1458.1021021 262.223933827
1970.77277277 1457.66366366 262.847657589
1970.04204204 1457.22522523 263.423586133
1969.31131131 1456.78678679 263.945471727
1968.58058058 1456.34834835 264.41217498
1967.75975976 1456.03003003 264.828188844
1966.59059059 1456.17617618 265.203623194
1965.42142142 1456.32232232 265.553568738
1964.25225225 1456.46846847 265.896798029
1963.08308308 1456.61461461 266.253861473
1961.91391391 1456.76076076 266.64480505
1960.74474474 1456.90690691 267.086813041
1959.57557558 1457.05305305 267.592139918
1958.40640641 1457.1991992 268.166638693
1957.23723724 1457.34534535 268.809136066
1956.06806807 1457.49149149 269.511661114
1954.8988989 1457.63763764 270.260608855
1953.72972973 1457.78378378 271.038495483
1952.56056056 1457.92992993 271.826124939
1951.6956957 1457.92392392 272.604852578
1951.11111111 1457.77777778 273.358608827
1950.52652653 1457.63163163 274.07552445
1949.94194194 1457.48548549 274.748954354
1949.35735736 1457.33933934 275.377927348
1948.77277277 1457.19319319 275.966985438
1948.18818819 1457.04704705 276.525525032
1947.6036036 1456.9009009 277.066791191
1947.01901902 1456.75475475 277.606526774
1946.43443443 1456.60860861 278.161477137
1945.84984985 1456.46246246 278.747867104
1945.26526527 1456.31631632 279.379865539
1944.68068068 1456.17017017 280.06826502
1944.0960961 1456.02402402 280.819460392
1942.9009009 1456.61061061 281.634890706
1941.58558559 1457.34134134 282.511097163
1940.27027027 1458.07207207 283.440480437
1938.95495495 1458.8028028 284.412678699
1937.63963964 1459.53353353 285.416326233
1936.32432432 1460.26426426 286.440959062
1935.00900901 1460.99499499 287.478594286
1933.69369369 1461.72572573 288.524711686
1932.37837838 1462.45645646 289.578352359
1931.06306306 1463.18718719 290.641285955
1929.74774775 1463.91791792 291.716450404
1928.43243243 1464.64864865 292.806000746
1927.11711712 1465.37937938 293.909537601
1925.93393393 1465.82382382 295.022936698
1925.4954955 1464.65465465 296.138185566
1925.05705706 1463.48548549 297.244255702
1924.61861862 1462.31631632 298.328867554
1924.18018018 1461.14714715 299.380722154
1923.74174174 1459.97797798 300.391650839
1923.3033033 1458.80880881 301.358164752
1922.86486486 1457.63963964 302.28201736
1922.42642643 1456.47047047 303.169642389
1921.98798799 1455.3013013 304.03060893
1921.54954955 1454.13213213 304.875461973
1921.11111111 1452.96296296 305.713362992
1920.67267267 1451.79379379 306.550108589
1920.23423423 1450.62462462 307.386834923
1919.31931932 1449.38738739 308.219697523
1917.85785786 1448.07207207 309.040499575
1916.3963964 1446.75675676 309.838077259
1914.93493493 1445.44144144 310.600145589
1913.47347347 1444.12612613 311.31520034
1912.01201201 1442.81081081 311.974237702
1910.55055055 1441.4954955 312.571988737
1909.08908909 1440.18018018 313.107599662
1907.62762763 1438.86486486 313.584815535
1906.16616617 1437.54954955 314.011620362
1904.7047047 1436.23423423 314.399577264
1903.24324324 1434.91891892 314.762970142
1901.78178178 1433.6036036 315.117729142
1900.32032032 1432.28828829 315.480319226
1899.77177177 1431.08708709 315.866560882
1899.47947948 1429.91791792 316.290333569
1899.18718719 1428.74874875 316.762428762
1898.89489489 1427.57957958 317.289611937
1898.6026026 1426.41041041 317.873999114
1898.31031031 1425.24124124 318.513054402
1898.01801802 1424.07207207 319.200098799
1897.72572573 1422.9029029 319.925373864
1897.43343343 1421.73373373 320.677601665
1897.14114114 1420.56456456 321.445755499
1896.84884885 1419.3953954 322.220836928
1896.55655656 1418.22622623 322.997329844
1896.26426426 1417.05705706 323.774047506
1895.88788789 1416.0 324.55413072
1894.71871872 1416.0 325.344131965
1893.54954955 1416.0 326.152306676
1892.38038038 1416.0 326.986350694
1891.21121121 1416.0 327.851050268
1890.04204204 1416.0 328.74642473
1888.87287287 1416.0 329.666850029
1887.7037037 1416.0 330.601494637
1886.53453453 1416.0 331.536143054
1885.36536537 1416.0 332.455978564
1884.1961962 1416.0 333.348782238
1883.02702703 1416.0 334.207753393
1881.85785786 1416.0 335.033302073
1880.68868869 1416.0 335.833367173
1879.45945946 1415.45945946 336.622136925
1878.14414414 1414.14414414 337.417525881
1876.82882883 1412.82882883 338.237892397
1875.51351351 1411.51351351 339.098702548
1874.1981982 1410.1981982 340.009712952
1872.88288288 1408.88288288 340.973107987
1871.56756757 1407.56756757 341.982840733
1870.25225225 1406.25225225 343.025127461
1868.93693694 1404.93693694 344.079979566
1867.62162162 1403.62162162 345.123470203
1866.30630631 1402.30630631 346.130411374
1864.99099099 1400.99099099 347.077049457
1863.67567568 1399.67567568 347.943496509
1862.36036036 1398.36036036 348.715550448
1861.25725726 1398.42442442 349.385661637
1860.23423423 1399.00900901 349.953093022
1859.21121121 1399.59359359 350.423089859
1858.18818819 1400.17817818 350.805433808
1857.16516517 1400.76276276 351.112561346
1856.14214214 1401.34734735 351.357616597
1855.11911912 1401.93193193 351.552946377
1854.0960961 1402.51651652 351.709131867
1853.07307307 1403.1011011 351.834847071
1852.05005005 1403.68568569 351.93742521
1851.02702703 1404.27027027 352.023961333
1850.004004 1404.85485485 352.102689021
1848.98098098 1405.43943944 352.184151006
1848.0 1406.04204204 352.282000312
1848.0 1407.06506507 352.413033421
1848.0 1408.08808809 352.596428812
1848.0 1409.11111111 352.852344387
1848.0 1410.13413413 353.199960524
1848.0 1411.15715716 353.655391393
1848.0 1412.18018018 354.229855336
1848.0 1413.2032032 354.928441297
1848.0 1414.22622623 355.749702283
1848.0 1415.24924925 356.686207008
1848.0 1416.27227227 357.725834404
1848.0 1417.2952953 358.853518211
1848.0 1418.31831832 360.052974869
1848.0 1419.34134134 361.308049845
1847.16716717 1419.42742743 362.603361533
1844.82882883 1417.81981982 363.924215198
1842.49049049 1416.21221221 365.256016759
1840.15215215 1414.6046046 366.583531998
1837.81381381 1412.996997 367.890474266
1835.47547548 1411.38938939 369.159671098
1833.13713714 1409.78178178 370.37398316
1830.7987988 1408.17417417 371.517793284
1828.46046046 1406.56656657 372.578687767
1826.12212212 1404.95895896 373.548954555
1823.78378378 1403.35135135 374.426501556
1821.44544545 1401.74374374 375.215067345
1819.10710711 1400.13613614 375.923743835
1816.76876877 1398.52852853 376.56605145
1816.0 1397.41141141 377.158767626
1816.0 1396.53453453 377.720699486
1816.0 1395.65765766 378.271544855
1816.0 1394.78078078 378.830798592
1816.0 1393.9039039 379.416670823
1816.0 1393.02702703 380.044843991
1816.0 1392.15015015 380.727153349
1816.0 1391.27327327 381.470265884
1816.0 1390.3963964 382.274528915
1816.0 1389.51951952 383.133397056
1816.0 1388.64264264 384.033557869
1816.0 1387.76576577 384.955821463
1816.0 1386.88888889 385.87703874
1816.0 1386.01201201 386.772545235
1816.28828829 1385.27927928 387.619005607
1816.58058058 1384.54854855 388.397340744
1816.87287287 1383.81781782 389.095083414
1817.16516517 1383.08708709 389.708166298
1817.45745746 1382.35635636 390.241798874
1817.74974975 1381.62562563 390.710437153
1818.04204204 1380.89489489 391.136890547
1818.33433433 1380.16416416 391.550632034
1818.62662663 1379.43343343 391.985419909
1818.91891892 1378.7027027 392.476318448
1819.21121121 1377.97197197 393.056233642
1819.5035035 1377.24124124 393.752197346
1819.7957958 1376.51051051 394.581737972
1819.64764765 1375.82382382 395.549838715
1818.47847848 1375.23923924 396.647056176
1817.30930931 1374.65465465 397.849316032
1816.14014014 1374.07007007 399.119675857
1814.97097097 1373.48548549 400.411985162
1813.8018018 1372.9009009 401.676014846
1812.63263263 1372.31631632 402.86313982
1811.46346346 1371.73173173 403.931687972
1810.29429429 1371.14714715 404.851030844
1809.12512513 1370.56256256 405.603788874
1807.95595596 1369.97797798 406.18603364
1806.78678679 1369.39339339 406.605696808
1805.61761762 1368.80880881 406.879760848
1804.44844845 1368.22422422 407.030903598
1803.72972973 1367.0990991 407.084297337
1803.29129129 1365.63763764 407.064942406
1802.85285285 1364.17617618 406.995763993
1802.41441441 1362.71471471 406.896481253
1801.97597598 1361.25325325 406.783081024
1801.53753754 1359.79179179 406.667727136
1801.0990991 1358.33033033 406.558936925
1800.66066066 1356.86886887 406.461903421
1800.22222222 1355.40740741 406.378926548
1799.78378378 1353.94594595 406.309921041
1799.34534535 1352.48448448 406.253021319
1798.90690691 1351.02302302 406.205311735
1798.46846847 1349.56156156 406.163423029
1798.03003003 1348.1001001 406.12414127
1798.68068068 1347.18318318 406.0848455
1799.41141141 1346.30630631 406.043665601
1800.14214214 1345.42942943 405.999560024
1800.87287287 1344.55255255 405.952129658
1801.6036036 1343.67567568 405.901310098
1802.33433433 1342.7987988 405.847057566
1803.06506507 1341.92192192 405.789091402
1803.7957958 1341.04504505 405.726768875
1804.52652653 1340.16816817 405.659139997
1805.25725726 1339.29129129 405.585111945
1805.98798799 1338.41441441 405.503719206
1806.71871872 1337.53753754 405.414408498
1807.44944945 1336.66066066 405.31725164
1807.78378378 1335.67567568 405.213061148
1806.90690691 1334.36036036 405.103343563
1806.03003003 1333.04504505 404.990087092
1805.15315315 1331.72972973 404.875411135
1804.27627628 1330.41441441 404.761119258
1803.3993994 1329.0990991 404.648217917
1802.52252252 1327.78378378 404.536516194
1801.64564565 1326.46846847 404.424397363
1800.76876877 1325.15315315 404.308839907
1799.89189189 1323.83783784 404.185750322
1799.01501502 1322.52252252 404.050562786
1798.13813814 1321.20720721 403.899001333
1797.26126126 1319.89189189 403.727877217
1796.38438438 1318.57657658 403.535721005
1794.85085085 1317.75375375 403.323104379
1792.8048048 1317.31531532 403.092583215
1790.75875876 1316.87687688 402.848285487
1788.71271271 1316.43843844 402.595271084
1786.66666667 1316.0 402.338852488
1784.62062062 1315.56156156 402.084047695
1782.57457457 1315.12312312 401.835306145
1780.52852853 1314.68468468 401.59655711
1778.48248248 1314.24624625 401.371484704
1776.43643644 1313.80780781 401.163869416
1774.39039039 1313.36936937 400.977940264
1772.34434434 1312.93093093 400.818541206
1770.2982983 1312.49249249 400.69111342
1768.25225225 1312.05405405 400.601565325
1766.97497497 1310.59059059 400.556046946
1765.80580581 1308.98298298 400.560803561
1764.63663664 1307.37537538 400.622187169
1763.46746747 1305.76776777 400.746858156
1762.2982983 1304.16016016 400.942060014
1761.12912913 1302.55255255 401.21581128
1759.95995996 1300.94494494 401.57682896
1758.79079079 1299.33733734 402.033979507
1757.62162162 1297.72972973 402.595161811
1756.45245245 1296.12212212 403.265724347
1755.28328328 1294.51451451 404.046574915
1754.11411411 1292.90690691 404.932359906
1752.94494494 1291.2992993 405.910173651
1751.32732733 1289.38338338 406.959145835
1747.81981982 1286.16816817 408.051199128
1744.31231231 1282.95295295 409.152993219
1740.8048048 1279.73773774 410.228853554
1737.2972973 1276.52252252 411.24426702
1733.78978979 1273.30730731 412.169381411
1730.28228228 1270.09209209 412.981958787
1726.77477477 1266.87687688 413.669381107
1723.26726727 1263.66166166 414.229446545
1719.75975976 1260.44644645 414.669961405
1716.25225225 1257.23123123 415.007332358
1712.74474474 1254.01601602 415.264426467
1709.23723724 1250.8008008 415.468068846
1705.72972973 1247.58558559 415.6465351
1702.44444444 1245.18518519 415.827288619
1699.37537538 1243.57757758 416.035127468
1696.30630631 1241.96996997 416.290825204
1693.23723724 1240.36236236 416.610235063
1690.16816817 1238.75475475 417.00379752
1687.0990991 1237.14714715 417.476405141
1684.03003003 1235.53953954 418.027523824
1680.96096096 1233.93193193 418.651550254
1677.89189189 1232.32432432 419.33842785
1674.82282282 1230.71671672 420.07455418
1671.75375375 1229.10910911 420.843918337
1668.68468468 1227.5015015 421.629561839
1665.61561562 1225.89389389 422.415225029
1662.54654655 1224.28628629 423.186982125
1662.12012012 1221.95795796 423.934733818
1662.26626627 1219.47347347 424.653237544
1662.41241241 1216.98898899 425.342499517
1662.55855856 1214.5045045 426.00741038
1662.7047047 1212.02002002 426.656684233
1662.85085085 1209.53553554 427.301202442
1662.996997 1207.05105105 427.952028589
1663.14314314 1204.56656657 428.618418548
1663.28928929 1202.08208208 429.306129209
1663.43543544 1199.5975976 430.016276807
1663.58158158 1197.11311311 430.744913286
1663.72772773 1194.62862863 431.48338298
1663.87387387 1192.14414414 432.219345426
1664.1001001 1189.81981982 432.938339631
1664.83083083 1188.5045045 433.625647612
1665.56156156 1187.18918919 434.268157398
1666.29229229 1185.87387387 434.855973383
1667.02302302 1184.55855856 435.383568863
1667.75375375 1183.24324324 435.850344736
1668.48448448 1181.92792793 436.260522342
1669.21521522 1180.61261261 436.62239844
1669.94594595 1179.2972973 436.947102738
1670.67667668 1177.98198198 437.247003443
1671.40740741 1176.66666667 437.533977425
1672.13813814 1175.35135135 437.817792522
1672.86886887 1174.03603604 438.104764802
1673.5995996 1172.72072072 438.396876379
1673.33933934 1171.14114114 438.691456705
1671.87787788 1169.24124124 438.981443517
1670.41641642 1167.34134134 439.256213367
1668.95495495 1165.44144144 439.502871504
1667.49349349 1163.54154154 439.707730481
1666.03203203 1161.64164164 439.857820725
1664.57057057 1159.74174174 439.942141131
1663.10910911 1157.84184184 439.952436563
1661.64764765 1155.94194194 439.883500562
1660.18618619 1154.04204204 439.732892379
1658.72472472 1152.14214214 439.500208121
1657.26326326 1150.24224224 439.186092486
1655.8018018 1148.34234234 438.791256216
1654.34034034 1146.44244244 438.315828386
1652.65465465 1145.88788789 437.759249782
1650.9009009 1145.74174174 437.120868061
1649.14714715 1145.5955956 436.401246467
1647.39339339 1145.44944945 435.603994858
1645.63963964 1145.3033033 434.737739684
1643.88588589 1145.15715716 433.817761006
1642.13213213 1145.01101101 432.866814035
1640.37837838 1144.86486486 431.914719418
1638.62462462 1144.71871872 430.996642792
1636.87087087 1144.57257257 430.150236172
1635.11711712 1144.42642643 429.4120475
1633.36336336 1144.28028028 428.813893315
1631.60960961 1144.13413413 428.379849381
1629.59159159 1143.71171171 428.124351012
1624.62262262 1140.2042042 428.051663724
1619.65365365 1136.6966967 428.156647985
1614.68468468 1133.18918919 428.426393046
1609.71571572 1129.68168168 428.84224734
1604.74674675 1126.17417417 429.381859017
1599.77777778 1122.66666667 430.020821682
1594.80880881 1119.15915916 430.733994932
1589.83983984 1115.65165165 431.496603399
1584.87087087 1112.14414414 432.28514339
1579.9019019 1108.63663664 433.078463805
1574.93293293 1105.12912913 433.858934076
1569.96396396 1101.62162162 434.613554379
1564.99499499 1098.11411411 435.334791514
1561.47747748 1095.88388388 436.020655528
1560.16216216 1095.59159159 436.67377063
1558.84684685 1095.2992993 437.299293393
1557.53153153 1095.00700701 437.901861338
1556.21621622 1094.71471471 438.482188634
1554.9009009 1094.42242242 439.033951265
1553.58558559 1094.13013013 439.541889762
1552.27027027 1093.83783784 439.98177111
1550.95495495 1093.54554555 440.322431448
1549.63963964 1093.25325325 440.529767548
1548.32432432 1092.96096096 440.571892234
1547.00900901 1092.66866867 440.424405264
1545.69369369 1092.37637638 440.07457852
1544.37837838 1092.08408408 439.523536895
1543.79179179 1091.37537538 438.786034912
1543.4994995 1090.4984985 437.888025733
1543.20720721 1089.62162162 436.86276259
1542.91491491 1088.74474474 435.746494535
1542.62262262 1087.86786787 434.574758425
1542.33033033 1086.99099099 433.37993125
1542.03803804 1086.11411411 432.190240665
1541.74574575 1085.23723724 431.02998069
1541.45345345 1084.36036036 429.920318757
1541.16116116 1083.48348348 428.880083961
1540.86886887 1082.60660661 427.926090539
1540.57657658 1081.72972973 427.072735217
1540.28428428 1080.85285285 426.331036982
1540.00800801 1079.95995996 425.707457217
1540.3003003 1078.4984985 425.202877142
1540.59259259 1077.03703704 424.812170649
1540.88488488 1075.57557558 424.524580016
1541.17717718 1074.11411411 424.32481579
1541.46946947 1072.65265265 424.194709739
1541.76176176 1071.19119119 424.115162282
1542.05405405 1069.72972973 424.067888417
1542.34634635 1068.26826827 424.036775182
1542.63863864 1066.80680681 424.008679476
1542.93093093 1065.34534535 423.973463095
1543.22322322 1063.88388388 423.923459661
1543.51551552 1062.42242242 423.852434708
1543.80780781 1060.96096096 423.75435187
1543.7997998 1058.94894895 423.622231528
1543.21521522 1055.87987988 423.447313747
1542.63063063 1052.81081081 423.21879576
1542.04604605 1049.74174174 422.924146088
1541.46146146 1046.67267267 422.549893861
1540.87687688 1043.6036036 422.082751936
1540.29229229 1040.53453453 421.510838662
1539.70770771 1037.46546547 420.824786504
1539.12312312 1034.3963964 420.01864889
1538.53853854 1031.32732733 419.090619132
1537.95395395 1028.25825826 418.043603268
1537.36936937 1025.18918919 416.885646175
1536.78478478 1022.12012012 415.630417816
1536.2002002 1019.05105105 414.297522229
1536.0 1017.61561562 412.912266065
1536.0 1017.03103103 411.504751241
1536.0 1016.44644645 410.107848375
1536.0 1015.86186186 408.754086941
1536.0 1015.27727728 407.471813706
1536.0 1014.69269269 406.281058349
1536.0 1014.10810811 405.189807754
1536.0 1013.52352352 404.191436266
1536.0 1012.93893894 403.26389248
1536.0 1012.35435435 402.370961321
1536.0 1011.76976977 401.465636343
1536.0 1011.18518519 400.495331825
1536.0 1010.6006006 399.408379365
1536.0 1010.01601602 398.161019499
1538.98498498 1010.0 396.72402102
1542.05405405 1010.0 395.087878678
1545.12312312 1010.0 393.265708888
1548.19219219 1010.0 391.293236846
1551.26126126 1010.0 389.225591824
1554.33033033 1010.0 387.131289241
1557.3993994 1010.0 385.084244234
1560.46846847 1010.0 383.155083919
1563.53753754 1010.0 381.403178474
1566.60660661 1010.0 379.87056053
1569.67567568 1010.0 378.578615746
1572.74474474 1010.0 377.527777225
1575.81381381 1010.0 376.69985486
1578.92492492 1009.32732733 376.062385343
1582.14014014 1006.98898899 375.574000196
1585.35535536 1004.65065065 375.189912324
1588.57057057 1002.31231231 374.86688444
1591.78578579 999.973973974 374.56714299
1595.001001 997.635635636 374.260987764
1598.21621622 995.297297297 373.928059362
1601.43143143 992.958958959 373.557318544
1604.64664665 990.620620621 373.145942024
1607.86186186 988.282282282 372.697433295
1611.07707708 985.943943944 372.219199738
1614.29229229 983.605605606 371.720131895
1617.50750751 981.267267267 371.208335403
1620.72272272 978.928928929 370.68940796
1622.08808809 977.207207207 370.16564901
1622.23423423 975.891891892 369.635855178
1622.38038038 974.576576577 369.095907247
1622.52652653 973.261261261 368.539817125
1622.67267267 971.945945946 367.960735236
1622.81881882 970.630630631 367.351851893
1622.96496496 969.315315315 366.706882387
1623.11111111 968.0 366.020066935
1623.25725726 966.684684685 365.285937585
1623.4034034 965.369369369 364.499122235
1623.54954955 964.054054054 363.654586761
1623.6956957 962.738738739 362.748594129
1623.84184184 961.423423423 361.780351783
1623.98798799 960.108108108 360.754108269
1622.25625626 957.853853854 359.681079686
1620.35635636 955.515515516 358.580538326
1618.45645646 953.177177177 357.47949168
1616.55655656 950.838838839 356.410666627
1614.65665666 948.500500501 355.40901632
1612.75675676 946.162162162 354.507405363
1610.85685686 943.823823824 353.732416477
1608.95695696 941.485485485 353.101198486
1607.05705706 939.147147147 352.620021527
1605.15715716 936.808808809 352.284677275
1603.25725726 934.47047047 352.082398329
1601.35735736 932.132132132 351.994635526
1599.45745746 929.793793794 351.999914283
1597.72772773 927.557557558 352.076205665
1596.55855856 925.657657658 352.202518549
1595.38938939 923.757757758 352.359740939
1594.22022022 921.857857858 352.530999242
1593.05105105 919.957957958 352.701855706
1591.88188188 918.058058058 352.860647232
1590.71271271 916.158158158 352.998868284
1589.54354354 914.258258258 353.111664669
1588.37437437 912.358358358 353.198271606
1587.20520521 910.458458458 353.262084803
1586.03603604 908.558558559 353.31058889
1584.86686687 906.658658659 353.354879846
1583.6976977 904.758758759 353.40899242
1582.52852853 902.858858859 353.489283096
1580.7987988 900.798798799 353.613752625
1578.60660661 898.606606607 353.801594902
1576.41441441 896.414414414 354.072707775
1574.22222222 894.222222222 354.446931613
1572.03003003 892.03003003 354.94304503
1569.83783784 889.837837838 355.577114179
1567.64564565 887.645645646 356.360237376
1565.45345345 885.453453453 357.295920471
1563.26126126 883.261261261 358.377393055
1561.06906907 881.069069069 359.585601084
1558.87687688 878.876876877 360.888474177
1556.68468468 876.684684685 362.241970892
1554.49249249 874.492492492 363.593036445
1552.3003003 872.3003003 364.884140412
1550.61261261 871.621621622 366.05869491
1549.00500501 871.183183183 367.066383686
1547.3973974 870.744744745 367.867407499
1545.78978979 870.306306306 368.43507088
1544.18218218 869.867867868 368.756559603
1542.57457457 869.429429429 368.83217089
1540.96696697 868.990990991 368.673629701
1539.35935936 868.552552553 368.302115798
1537.75175175 868.114114114 367.746467177
1536.14414414 867.675675676 367.041729857
1534.53653654 867.237237237 366.227972931
1532.92892893 866.798798799 365.349059042
1531.32132132 866.36036036 364.451058106
1529.45345345 864.958958959 363.580142786
1526.38438438 859.113113113 362.780062177
1523.31531532 853.267267267 362.089372366
1520.24624625 847.421421421 361.538760372
1517.17717718 841.575575576 361.148846337
1514.10810811 835.72972973 360.92864664
1511.03903904 829.883883884 360.87504585
1507.96996997 824.038038038 360.97317761
1504.9009009 818.192192192 361.197672377
1501.83183183 812.346346346 361.514802386
1498.76276276 806.500500501 361.885080492
1495.69369369 800.654654655 362.266303835
1492.62462462 794.808808809 362.616742648
1489.55555556 788.962962963 362.898091725
1485.98198198 783.981981982 363.078069033
1481.88988989 779.88988989 363.132386968
1477.7977978 775.797797798 363.045973631
1473.70570571 771.705705706 362.81337378
1469.61361361 767.613613614 362.438230998
1465.52152152 763.521521522 361.932014075
1461.42942943 759.429429429 361.312100445
1457.33733734 755.337337337 360.599394447
1453.24524525 751.245245245 359.815870647
1449.15315315 747.153153153 358.982347616
1445.06106106 743.061061061 358.116817822
1440.96896897 738.968968969 357.233587075
1436.87687688 734.876876877 356.343295166
1432.78478478 730.784784785 355.453653534
1427.98398398 728.11011011 354.57065234
1423.01501502 725.771771772 353.699870443
1418.04604605 723.433433433 352.847572917
1413.07707708 721.095095095 352.021278196
1408.10810811 718.756756757 351.229696639
1403.13913914 716.418418418 350.482112712
1398.17017017 714.08008008 349.787351528
1393.2012012 711.741741742 349.152625192
1388.23223223 709.403403403 348.582497134
1383.26326326 707.065065065 348.078212848
1378.29429429 704.726726727 347.637472013
1373.32532533 702.388388388 347.254713533
1368.35635636 700.05005005 346.921798143
1363.63963964 697.315315315 346.629015934
1360.71671672 691.761761762 346.36611553
1357.79379379 686.208208208 346.123208878
1354.87087087 680.654654655 345.891418696
1351.94794795 675.101101101 345.663016995
1349.02502503 669.547547548 345.431181136
1346.1021021 663.993993994 345.189357003
1343.17917918 658.44044044 344.930383408
1340.25625626 652.886886887 344.645614548
1337.33333333 647.333333333 344.324237463
1334.41041041 641.77977978 343.953042827
1331.48748749 636.226226226 343.516790153
1328.56456456 630.672672673 342.999236299
1325.64164164 625.119119119 342.384788171
1324.83283283 620.718718719 341.660595343
1326.73273273 617.795795796 340.818791232
1328.63263263 614.872872873 339.858501065
1330.53253253 611.94994995 338.787224628
1332.43243243 609.027027027 337.621211797
1334.33233233 606.104104104 336.384642921
1336.23223223 603.181181181 335.107609623
1338.13213213 600.258258258 333.823159012
1340.03203203 597.335335335 332.563836347
1341.93193193 594.412412412 331.358302103
1343.83183183 591.489489489 330.2285858
1345.73173173 588.566566567 329.188394622
1347.63163163 585.643643644 328.242702688
1349.53153153 582.720720721 327.388395934
1349.88988989 581.229229229 326.616092727
1349.74374374 580.206206206 325.912337456
1349.5975976 579.183183183 325.261763642
1349.45145145 578.16016016 324.649042438
1349.30530531 577.137137137 324.059834745
1349.15915916 576.114114114 323.480996215
1349.01301301 575.091091091 322.899921861
1348.86686687 574.068068068 322.303069179
1348.72072072 573.045045045 321.674057022
1348.57457457 572.022022022 320.991660532
1348.42842843 570.998998999 320.228293184
1348.28228228 569.975975976 319.349564209
1348.13613614 568.952952953 318.315451761
1347.65965966 567.84984985 317.083376514
1342.69069069 565.657657658 315.613234007
1337.72172172 563.465465465 313.873822846
1332.75275275 561.273273273 311.849579372
1327.78378378 559.081081081 309.546331745
1322.81481481 556.888888889 306.994491718
1317.84584585 554.696696697 304.248618495
1312.87687688 552.504504505 301.382931443
1307.90790791 550.312312312 298.483292848
1302.93893894 548.12012012 295.637039094
1297.96996997 545.927927928 292.92259447
1293.001001 543.735735736 290.400947867
1288.03203203 541.543543544 288.110477009
1283.06306306 539.351351351 286.065845368
1279.77577578 537.775775776 284.260724183
1279.19119119 537.191191191 282.673198435
1278.60660661 536.606606607 281.272403455
1278.02202202 536.022022022 280.024875508
1277.43743744 535.437437437 278.899466538
1276.85285285 534.852852853 277.870268006
1276.26826827 534.268268268 276.917545979
1275.68368368 533.683683684 276.027113449
1275.0990991 533.099099099 275.188792001
1274.51451451 532.514514515 274.394687322
1273.92992993 531.92992993 273.637767212
1273.34534535 531.345345345 272.911055969
1272.76076076 530.760760761 272.207384454
1272.17617618 530.176176176 271.51995522
1272.1021021 528.366366366 270.842774227
1272.24824825 526.028028028 270.171141174
1272.39439439 523.68968969 269.501810076
1272.54054054 521.351351351 268.832115324
1272.68668669 519.013013013 268.158765672
1272.83283283 516.674674675 267.47585376
1272.97897898 514.336336336 266.772610731
1273.12512513 511.997997998 266.031403781
1273.27127127 509.65965966 265.226330587
1273.41741742 507.321321321 264.322946332
1273.56356356 504.982982983 263.279442214
1273.70970971 502.644644645 262.049444059
1273.85585586 500.306306306 260.586422475
1273.95995996 497.935935936 258.849369145
1271.03703704 493.259259259 256.809071646
1268.11411411 488.582582583 254.454073093
1265.19119119 483.905905906 251.795189438
1262.26826827 479.229229229 248.867520469
1259.34534535 474.552552553 245.729230567
1256.42242242 469.875875876 242.456929561
1253.4994995 465.199199199 239.138174284
1250.57657658 460.522522523 235.862217146
1247.65365365 455.845845846 232.710616806
1244.73073073 451.169169169 229.749194731
1241.80780781 446.492492492 227.022674801
1238.88488488 441.815815816 224.552672855
1235.96196196 437.139139139 222.338930882
1233.61561562 433.855855856 220.36314844
1232.44644645 433.417417417 218.594437337
1231.27727728 432.978978979 216.995263758
1230.10810811 432.540540541 215.527025945
1228.93893894 432.102102102 214.154653608
1227.76976977 431.663663664 212.849959349
1226.6006006 431.225225225 211.59371114
1225.43143143 430.786786787 210.376450077
1224.26226226 430.348348348 209.198354245
1223.09309309 429.90990991 208.068079185
1221.92392392 429.471471471 207.000823541
1220.75475475 429.033033033 206.015779751
1219.58558559 428.594594595 205.133202532
1218.41641642 428.156156156 204.371200204
1216.4004004 427.623623624 203.742952559
1213.91591592 427.039039039 203.254372998
1211.43143143 426.454454454 202.902598428
1208.94694695 425.86986987 202.675504702
1206.46246246 425.285285285 202.55191346
1203.97797798 424.700700701 202.502578244
1201.49349349 424.116116116 202.491815504
1199.00900901 423.531531532 202.479457396
1196.52452452 422.946946947 202.422949517
1194.04004004 422.362362362 202.27950018
1191.55555556 421.777777778 202.007849358
1189.07107107 421.193193193 201.569761871
1186.58658659 420.608608609 200.930989707
1184.1021021 420.024024024 200.061665753
1180.4964965 410.890890891 198.936225381
1176.84284284 401.391391391 197.533092926
1173.18918919 391.891891892 195.834537233
1169.53553554 382.392392392 193.827091732
1165.88188188 372.892892893 191.502745357
1162.22822823 363.393393393 188.861000325
1158.57457457 353.893893894 185.91148313
1154.92092092 344.394394394 182.67650297
1151.26726727 334.894894895 179.192844971
1147.61361361 325.395395395 175.512138324
1143.95995996 315.895895896 171.699223516
1140.30630631 306.396396396 167.828549325
1136.65265265 296.896896897 163.978943581
1134.2002002 289.359359359 160.227508238
1134.93093093 287.021021021 156.643588255
1135.66166166 284.682682683 153.283735362
1136.39239239 282.344344344 150.188348645
1137.12312312 280.006006006 147.380365854
1137.85385385 277.667667668 144.865909495
1138.58458458 275.329329329 142.636514298
1139.31531532 272.990990991 140.672384418
1140.04604605 270.652652653 138.945955018
1140.77677678 268.314314314 137.42543667
1141.50750751 265.975975976 136.077895027
1142.23823824 263.637637638 134.871710505
1142.96896897 261.299299299 133.77842576
1143.6996997 258.960960961 132.773950818
1143.91391391 257.225225225 131.839170432
1143.76776777 255.90990991 130.960098638
1143.62162162 254.594594595 130.127387295
1143.47547548 253.279279279 129.335538021
1143.32932933 251.963963964 128.581813532
1143.18318318 250.648648649 127.864947287
1143.03703704 249.333333333 127.183880942
1142.89089089 248.018018018 126.536717526
1142.74474474 246.702702703 125.919942435
1142.5985986 245.387387387 125.327946101
1142.45245245 244.072072072 124.753019796
1142.30630631 242.756756757 124.185523891
1142.16016016 241.441441441 123.614395942
1142.01401401 240.126126126 123.027889821
1141.20720721 239.207207207 122.414548063
1140.33033033 238.33033033 121.76430995
1139.45345345 237.453453453 121.069661648
1138.57657658 236.576576577 120.326690405
1137.6996997 235.6996997 119.535902158
1136.82282282 234.822822823 118.702560894
1135.94594595 233.945945946 117.836481641
1135.06906907 233.069069069 116.951268418
1134.19219219 232.192192192 116.063041065
1133.31531532 231.315315315 115.188907129
1132.43843844 230.438438438 114.345368094
1131.56156156 229.561561562 113.546977995
1130.68468468 228.684684685 112.805353371
1129.67967968 228.16016016 112.128597956
1128.21821822 228.890890891 111.521130666
1126.75675676 229.621621622 110.983733043
1125.2952953 230.352352352 110.513759408
1123.83383383 231.083083083 110.105365856
1122.37237237 231.813813814 109.74974638
1120.91091091 232.544544545 109.435384347
1119.44944945 233.275275275 109.148402255
1117.98798799 234.006006006 108.873070811
1116.52652653 234.736736737 108.59252382
1115.06506507 235.467467467 108.289691544
1113.6036036 236.198198198 107.948414134
1112.14214214 236.928928929 107.554665246
1110.68068068 237.65965966 107.097780077
1109.60960961 237.921921922 106.571523357
1108.87887888 237.775775776 105.974820923
1108.14814815 237.62962963 105.312079139
1107.41741742 237.483483483 104.592872088
1106.68668669 237.337337337 103.831128249
1105.95595596 237.191191191 103.04377417
1105.22522523 237.045045045 102.248998241
1104.49449449 236.898898899 101.464398617
1103.76376376 236.752752753 100.705326079
1103.03303303 236.606606607 99.983509979
1102.3023023 236.46046046 99.306128399
1101.57157157 236.314314314 98.675378459
1100.84084084 236.168168168 98.088219144
1100.11011011 236.022022022 97.53645687
1099.5035035 233.269269269 97.006889909
1098.91891892 230.054054054 96.481547358
1098.33433433 226.838838839 95.938110989
1097.74974975 223.623623624 95.350671852
1097.16516517 220.408408408 94.691037493
1096.58058058 217.193193193 93.930712794
1095.995996 213.977977978 93.043568624
1095.41141141 210.762762763 92.008984424
1094.82682683 207.547547548 90.815090169
1094.24224224 204.332332332 89.461534503
1093.65765766 201.117117117 87.961270885
1093.07307307 197.901901902 86.340748871
1092.48848849 194.686686687 84.638373613
1092.04804805 191.831831832 82.901234079
1092.34034034 190.808808809 81.180431322
1092.63263263 189.785785786 79.525784773
1092.92492492 188.762762763 77.98063021
1093.21721722 187.73973974 76.577573479
1093.50950951 186.716716717 75.335773447
1093.8018018 185.693693694 74.260123313
1094.09409409 184.670670671 73.342265782
1094.38638639 183.647647648 72.563106146
1094.67867868 182.624624625 71.896364649
1094.97097097 181.601601602 71.31247171
1095.26326326 180.578578579 70.782291515
1095.55555556 179.555555556 70.28023709
1095.84784785 178.532532533 69.786473312
1096.0 177.64964965 69.288125756
1096.0 176.918918919 68.779441798
1096.0 176.188188188 68.261040489
1096.0 175.457457457 67.73841621
1096.0 174.726726727 67.219863679
1096.0 173.995995996 66.714296122
1096.0 173.265265265 66.229090393
1096.0 172.534534535 65.768496683
1096.0 171.803803804 65.332600488
1096.0 171.073073073 64.917164082
1096.0 170.342342342 64.514284319
1096.0 169.611611612 64.113521917
1096.0 168.880880881 63.703527561
1096.0 168.15015015 63.27344843
1094.37437437 168.0 62.814000071
1092.32832833 168.0 62.317917269
1090.28228228 168.0 61.779742609
1088.23623624 168.0 61.195083999
1086.19019019 168.0 60.559663424
1084.14414414 168.0 59.8684796
1082.0980981 168.0 59.115523481
1080.05205205 168.0 58.294255926
1078.00600601 168.0 57.398853662
1075.95995996 168.0 56.426077147
1073.91391391 168.0 55.377239848
1071.86786787 168.0 54.259871346
1069.82182182 168.0 53.088540154
1067.96796797 167.935935936 51.884546298
1067.67567568 167.351351351 50.674477241
1067.38338338 166.766766767 49.487790006
1067.09109109 166.182182182 48.353902588
1066.7987988 165.597597598 47.299285051
1066.50650651 165.013013013 46.345039142
1066.21421421 164.428428428 45.505237855
1065.92192192 163.843843844 44.786170791
1065.62962963 163.259259259 44.186475298
1065.33733734 162.674674675 43.69791156
1065.04504505 162.09009009 43.306683841
1064.75275275 161.505505506 42.995041946
1064.46046046 160.920920921 42.74299693
1064.16816817 160.336336336 42.530029348
1064.24824825 159.813813814 42.336626702
1064.83283283 159.375375375 42.145535963
1065.41741742 158.936936937 41.942637285
1066.002002 158.498498498 41.717373605
1066.58658659 158.06006006 41.462711542
1067.17117117 157.621621622 41.174738044
1067.75575576 157.183183183 40.852010713
1068.34034034 156.744744745 40.494725869
1068.92492492 156.306306306 40.104049191
1069.50950951 155.867867868 39.681552082
1070.09409409 155.429429429 39.228848868
1070.67867868 154.990990991 38.747507658
1071.26326326 154.552552553 38.239029597
1071.84784785 154.114114114 37.704975925
1072.64864865 153.783783784 37.147075773
1073.52552553 153.491491491 36.567359174
1074.4024024 153.199199199 35.968231687
1075.27927928 152.906906907 35.35250621
1076.15615616 152.614614615 34.723419513
1077.03303303 152.322322322 34.084647402
1077.90990991 152.03003003 33.440262728
1078.78678679 151.737737738 32.794688763
1079.66366366 151.445445445 32.152647616
1080.54054054 151.153153153 31.519056472
1081.41741742 150.860860861 30.898949886
1082.29429429 150.568568569 30.29738454
1083.17117117 150.276276276 29.719311355
1083.99199199 149.951951952 29.169413076
1083.84584585 149.075075075 28.651874998
1083.6996997 148.198198198 28.1700078
1083.55355355 147.321321321 27.725920584
1083.40740741 146.444444444 27.320077153
1083.26126126 145.567567568 26.950938283
1083.11511512 144.690690691 26.614805329
1082.96896897 143.813813814 26.305789959
1082.82282282 142.936936937 26.016070422
1082.67667668 142.06006006 25.736306143
1082.53053053 141.183183183 25.456083312
1082.38438438 140.306306306 25.164314367
1082.23823824 139.429429429 24.849466167
1082.09209209 138.552552553 24.499630909
1081.51351351 137.72972973 24.102561895
1080.1981982 136.998998999 23.645761366
1078.88288288 136.268268268 23.116882622
1077.56756757 135.537537538 22.504537495
1076.25225225 134.806806807 21.799483484
1074.93693694 134.076076076 20.996071381
1073.62162162 133.345345345 20.093629603
1072.30630631 132.614614615 19.097423572
1070.99099099 131.883883884 18.018924733
1069.67567568 131.153153153 16.875188836
1068.36036036 130.422422422 15.68739621
1067.04504505 129.691691692 14.478867121
1065.72972973 128.960960961 13.272890213
1064.41441441 128.23023023 12.090763013
1062.8988989 126.398398398 10.950445106
1061.29129129 124.06006006 9.86584758
1059.68368368 121.721721722 8.846827487
1058.07607608 119.383383383 7.899741644
1056.46846847 117.045045045 7.028248908
1054.86086086 114.706706707 6.234296148
1053.25325325 112.368368368 5.519043073
1051.64564565 110.03003003 4.883627371
1050.03803804 107.691691692 4.329728312
1048.43043043 105.353353353 3.859837198
1046.82282282 103.015015015 3.477223713
1045.21521522 100.676676677 3.185647877
1043.60760761 98.3383383383 2.98876508
1042.0 96.0 2.889503317
