37.387637512 -122.266097277 454.015942512
37.3876892001 -122.26616663 454.446666741
37.3877906339 -122.266302724 455.295178899
37.387937997 -122.266500453 456.535384871
37.3881257444 -122.266752456 458.127784262
37.3883468413 -122.267049488 460.019544302
37.3885931082 -122.267380928 462.145296286
37.3888556653 -122.267735398 464.429059342
37.389125456 -122.26810148 466.787488257
37.3893938082 -122.268468448 469.134507142
37.3896529574 -122.26882696 471.386594196
37.3898964976 -122.269169632 473.468703598
37.3901196805 -122.269491416 475.319569952
37.390319538 -122.269789755 476.895727744
37.3904948166 -122.270064482 478.173727529
37.3906457546 -122.270317513 479.150152688
37.3907737425 -122.270552375 479.83968015
37.3908809235 -122.270773613 480.271613463
37.3909698158 -122.270986204 480.485687882
37.3910429737 -122.271194957 480.527686407
37.3911027447 -122.271404014 480.445610864
37.3911511206 -122.271616449 480.286704671
37.3911896909 -122.271834004 480.095384439
37.3912196575 -122.272056972 479.911973726
37.391241888 -122.272284226 479.771915789
37.3912569881 -122.272513407 479.705282944
37.3912653647 -122.272741248 479.736389181
37.3912672836 -122.272964005 479.883566794
37.3912628846 -122.27317791 480.158999931
37.3912521859 -122.273379623 480.568869232
37.3912350618 -122.273566585 481.113965605
37.3912112156 -122.273737248 481.790702911
37.391180157 -122.273891155 482.592390168
37.3911411953 -122.274028869 483.510623296
37.3910934621 -122.274151798 484.536580425
37.3910359616 -122.274261925 485.661669096
37.3909676788 -122.274361544 486.877838933
37.3908877214 -122.274452994 488.177143917
37.3907954862 -122.274538436 489.55079138
37.3906908325 -122.274619701 490.987898552
37.3905742301 -122.274698198 492.474291089
37.3904468554 -122.274774879 493.991661095
37.3903106086 -122.274850275 495.517288061
37.3901680407 -122.274924567 497.024559667
37.3900221943 -122.274997688 498.484253291
37.3898763741 -122.275069443 499.866467416
37.3897338806 -122.275139618 501.142927018
37.3895977452 -122.275208088 502.289379673
37.3894705067 -122.275274873 503.287732334
37.3893540599 -122.275340171 504.127672448
37.3892495891 -122.275404354 504.807504009
37.3891575909 -122.275467913 505.334300736
37.3890779717 -122.275531408 505.723218123
37.389010191 -122.275595394 505.996197321
37.3889534287 -122.27566036 506.180364219
37.3889067397 -122.275726674 506.306118586
37.3888691839 -122.275794561 506.405219533
37.3888399153 -122.2758641 506.50897089
37.3888182321 -122.275935249 506.646580555
37.3888035894 -122.276007879 506.843763591
37.3887955839 -122.276081831 507.121575963
37.3887939182 -122.276156956 507.495486143
37.3887983551 -122.276233157 507.974646836
37.3888086569 -122.2763104 508.561424116
37.3888245284 -122.276388713 509.251118877
37.3888455598 -122.276468158 510.032036396
37.3888711752 -122.276548788 510.885903501
37.3889005982 -122.276630612 511.788829833
37.3889328415 -122.276713564 512.712851807
37.388966725 -122.276797495 513.628033417
37.3890009227 -122.276882204 514.505058441
37.3890340421 -122.276967482 515.317911879
37.3890647123 -122.277053178 516.046481781
37.3890916818 -122.277139262 516.678570452
37.3891139059 -122.277225852 517.211022864
37.3891306187 -122.277313222 517.649804845
37.3891413794 -122.277401752 518.009055381
37.3891460926 -122.277491851 518.309234979
37.389145006 -122.277583856 518.574764414
37.3891386859 -122.277677932 518.831380355
37.389127973 -122.277774008 519.103600049
37.3891139244 -122.277871745 519.412550377
37.3890977429 -122.277970571 519.774290737
37.3890807002 -122.278069757 520.19882061
37.389064054 -122.278168531 520.689683492
37.3890489677 -122.278266209 521.244219932
37.38903644 -122.278362298 521.854279642
37.3890272439 -122.278456565 522.507365982
37.3890218809 -122.278549056 523.187968519
37.3890205515 -122.278640048 523.878974284
37.389023139 -122.278729975 524.563044938
37.3890292152 -122.278819316 525.223933827
37.3890380587 -122.278908502 525.847657589
37.3890486945 -122.278997844 526.423586133
37.3890599485 -122.279087512 526.945471727
37.3890705168 -122.279177553 527.41217498
37.3890790495 -122.279267951 527.828188844
37.3890842418 -122.279358697 528.203623194
37.3890849258 -122.279449846 528.553568738
37.3890801607 -122.279541554 528.896798029
37.3890693157 -122.279634064 529.253861473
37.3890521376 -122.279727657 529.64480505
37.3890287968 -122.279822581 530.086813041
37.3889999027 -122.279918974 530.592139918
37.3889664846 -122.280016795 531.166638693
37.3889299335 -122.280115798 531.809136066
37.3888919025 -122.280215539 532.511661114
37.3888541836 -122.280315414 533.260608855
37.3888185698 -122.280414735 534.038495483
37.3887867241 -122.280512803 534.826124939
37.3887600759 -122.280608974 535.604852578
37.3887397559 -122.280702703 536.358608827
37.3887265752 -122.280793571 537.07552445
37.3887210469 -122.28088127 537.748954354
37.388723438 -122.280965592 538.377927348
37.3887338391 -122.281046401 538.966985438
37.3887522318 -122.281123615 539.525525032
37.3887785442 -122.281197202 540.066791191
37.3888126776 -122.281267179 540.606526774
37.3888545091 -122.281333636 541.161477137
37.3889038695 -122.28139676 541.747867104
37.3889605034 -122.281456862 542.379865539
37.3890240322 -122.281514411 543.06826502
37.3890939256 -122.281570051 543.819460392
37.389169501 -122.281624622 544.634890706
37.389249958 -122.281679172 545.511097163
37.3893344454 -122.281734947 546.440480437
37.3894221504 -122.281793385 547.412678699
37.3895123953 -122.281856066 548.416326233
37.3896047152 -122.281924638 549.440959062
37.3896988921 -122.282000705 550.478594286
37.3897949418 -122.282085677 551.524711686
37.3898930412 -122.282180586 552.578352359
37.3899934154 -122.28228591 553.641285955
37.3900962142 -122.282401412 554.716450404
37.3902014016 -122.282526048 555.806000746
37.3903086903 -122.282657961 556.909537601
37.3904175405 -122.282794588 558.022936698
37.3905272247 -122.282932867 559.138185566
37.3906369421 -122.283069521 560.244255702
37.3907459531 -122.283201386 561.328867554
37.3908536978 -122.283325708 562.380722154
37.3909598692 -122.283440385 563.391650839
37.3910644182 -122.283544114 564.358164752
37.3911674902 -122.283636427 565.28201736
37.3912693077 -122.283717634 566.169642389
37.3913700308 -122.283788691 567.03060893
37.3914696282 -122.283851033 567.875461973
37.391567785 -122.283906395 568.713362992
37.391663873 -122.283956646 569.550108589
37.3917569822 -122.284003651 570.386834923
37.3918460062 -122.284049157 571.219697523
37.3919297632 -122.284094718 572.040499575
37.3920071243 -122.284141641 572.838077259
37.3920771262 -122.284190968 573.600145589
37.3921390542 -122.284243476 574.31520034
37.3921924881 -122.284299711 574.974237702
37.3922373152 -122.284360029 575.571988737
37.3922737136 -122.284424658 576.107599662
37.3923021294 -122.284493747 576.584815535
37.3923232452 -122.284567405 577.011620362
37.3923379548 -122.284645708 577.399577264
37.3923473461 -122.28472869 577.762970142
37.3923526797 -122.284816299 578.117729142
37.3923553714 -122.284908357 578.480319226
37.3923569629 -122.285004533 578.866560882
37.39235908 -122.28510432 579.290333569
37.3923633792 -122.285207065 579.762428762
37.3923714823 -122.285312018 580.289611937
37.3923849036 -122.285418412 580.873999114
37.3924049794 -122.285525557 581.513054402
37.3924327985 -122.285632918 582.200098799
37.3924691384 -122.285740183 582.925373864
37.3925144158 -122.28584729 583.677601665
37.3925686531 -122.285954429 584.445755499
37.3926314647 -122.286062013 585.220836928
37.3927020722 -122.28617062 585.997329844
37.3927793449 -122.286280927 586.774047506
37.3928618659 -122.286393621 587.55413072
37.392948014 -122.286509308 588.344131965
37.3930360558 -122.286628407 589.152306676
37.3931242327 -122.286751058 589.986350694
37.3932108372 -122.286877029 590.851050268
37.3932942723 -122.287005668 591.74642473
37.3933730954 -122.287135888 592.666850029
37.3934460507 -122.287266228 593.601494637
37.3935120958 -122.287394966 594.536143054
37.3935704215 -122.287520286 595.455978564
37.3936204688 -122.287640466 596.348782238
37.3936619331 -122.287754062 597.207753393
37.3936947591 -122.287860041 598.033302073
37.393719113 -122.287957862 598.833367173
37.3937353342 -122.288047468 599.622136925
37.393743872 -122.288129227 600.417525881
37.3937452077 -122.288203807 601.237892397
37.3937397805 -122.288272043 602.098702548
37.3937279186 -122.288334797 603.009712952
37.3937097862 -122.288392851 603.973107987
37.3936853497 -122.288446822 604.982840733
37.3936543726 -122.288497132 606.025127461
37.3936164337 -122.288544001 607.079979566
37.3935709786 -122.288587487 608.123470203
37.393517401 -122.28862754 609.130411374
37.3934551521 -122.288664082 610.077049457
37.3933838718 -122.288697087 610.943496509
37.393303526 -122.288726664 611.715550448
37.3932145256 -122.288753118 612.385661637
37.3931178081 -122.288776998 612.953093022
37.3930148575 -122.288799102 613.423089859
37.3929076515 -122.288820445 613.805433808
37.3927985339 -122.288842202 614.112561346
37.3926900324 -122.288865617 614.357616597
37.3925846525 -122.288891904 614.552946377
37.3924846809 -122.288922155 614.709131867
37.3923920326 -122.288957269 614.834847071
37.3923081636 -122.288997908 614.93742521
37.3922340582 -122.289044496 615.023961333
37.3921702803 -122.289097245 615.102689021
37.3921170666 -122.289156208 615.184151006
37.392074439 -122.289221348 615.282000312
37.392042309 -122.289292598 615.413033421
37.3920205567 -122.289369909 615.596428812
37.3920090792 -122.289453267 615.852344387
37.392007802 -122.289542696 616.199960524
37.3920166654 -122.289638216 616.655391393
37.3920355947 -122.289739799 617.229855336
37.3920644655 -122.289847315 617.928441297
37.3921030716 -122.289960483 618.749702283
37.3921511036 -122.290078841 619.686207008
37.3922081353 -122.290201736 620.725834404
37.3922736164 -122.290328335 621.853518211
37.3923468642 -122.290457644 623.052974869
37.3924270575 -122.290588537 624.308049845
37.3925132258 -122.290719775 625.603361533
37.3926042422 -122.290850025 626.924215198
37.3926988302 -122.290977874 628.256016759
37.3927955888 -122.291101858 629.583531998
37.3928930495 -122.291220501 630.890474266
37.3929897603 -122.291332376 632.159671098
37.3930843936 -122.291436196 633.37398316
37.3931758566 -122.291530893 634.517793284
37.3932633855 -122.291615706 635.578687767
37.3933466075 -122.291690221 636.548954555
37.3934255547 -122.291754384 637.426501556
37.3935006319 -122.291808464 638.215067345
37.3935725461 -122.291852978 638.923743835
37.393642217 -122.291888593 639.56605145
37.3937106828 -122.291916031 640.158767626
37.3937790157 -122.291935987 640.720699486
37.3938482531 -122.291949075 641.271544855
37.3939193445 -122.291955821 641.830798592
37.3939931077 -122.291956686 642.416670823
37.3940701824 -122.29195212 643.044843991
37.3941509811 -122.291942631 643.727153349
37.3942356396 -122.291928855 644.470265884
37.3943239727 -122.291911603 645.274528915
37.3944154533 -122.291891883 646.133397056
37.3945092235 -122.291870885 647.033557869
37.3946041456 -122.291849921 647.955821463
37.3946988968 -122.291830347 648.87703874
37.3947920882 -122.291813476 649.772545235
37.3948823977 -122.291800486 650.619005607
37.3949686954 -122.291792375 651.397340744
37.395050137 -122.291789939 652.095083414
37.3951262255 -122.291793792 652.708166298
37.3951968286 -122.291804434 653.241798874
37.39526216 -122.291822335 653.710437153
37.3953227332 -122.291848015 654.136890547
37.3953792989 -122.291882117 654.550632034
37.3954327737 -122.291925425 654.985419909
37.3954841636 -122.291978825 655.476318448
37.3955344902 -122.292043198 656.056233642
37.3955847174 -122.292119257 656.752197346
37.3956356854 -122.292207342 657.581737972
37.3956880587 -122.292307225 658.549838715
37.3957422932 -122.292417961 659.647056176
37.3957986332 -122.292537821 660.849316032
37.3958571413 -122.292664346 662.119675857
37.3959177598 -122.292794523 663.411985162
37.3959803939 -122.292925049 664.676014846
37.3960449946 -122.293052645 665.86313982
37.3961116272 -122.293174365 666.931687972
37.3961805016 -122.293287836 667.851030844
37.3962519578 -122.293391403 668.603788874
37.3963264056 -122.293484141 669.18603364
37.3964042298 -122.293565781 669.605696808
37.3964856837 -122.293636538 669.879760848
37.3965707914 -122.293696924 670.030903598
37.3966592888 -122.293747556 670.084297337
37.3967506137 -122.293789002 670.064942406
37.3968439504 -122.293821676 669.995763993
37.3969383227 -122.293845792 669.896481253
37.3970327142 -122.293861374 669.783081024
37.3971261933 -122.293868299 669.667727136
37.3972180184 -122.293866382 669.558936925
37.3973077024 -122.293855473 669.461903421
37.3973950283 -122.29383557 669.378926548
37.3974800195 -122.293806915 669.309921041
37.3975628734 -122.293770077 669.253021319
37.3976438837 -122.293726005 669.205311735
37.3977233628 -122.29367602 669.163423029
37.3978015865 -122.293621767 669.12414127
37.3978787618 -122.293565116 669.0848455
37.3979550207 -122.293508027 669.043665601
37.3980304319 -122.293452416 668.999560024
37.3981050184 -122.293400029 668.952129658
37.3981787753 -122.293352356 668.901310098
37.398251685 -122.293310588 668.847057566
37.3983237312 -122.293275638 668.789091402
37.3983949201 -122.293248197 668.726768875
37.3984653097 -122.293228808 668.659139997
37.3985350498 -122.293217964 668.585111945
37.3986044182 -122.293216181 668.503719206
37.3986738451 -122.29322405 668.414408498
37.398743911 -122.293242272 668.31725164
37.3988153074 -122.293271648 668.213061148
37.3988887626 -122.293313059 668.103343563
37.3989649438 -122.29336743 667.990087092
37.3990443512 -122.29343569 667.875411135
37.3991272301 -122.293518738 667.761119258
37.399213521 -122.29361741 667.648217917
37.3993028574 -122.293732442 667.536516194
37.3993946136 -122.293864409 667.424397363
37.3994879906 -122.294013638 667.308839907
37.39958212 -122.294180082 667.185750322
37.3996761665 -122.294363169 667.050562786
37.3997694099 -122.294561654 666.899001333
37.3998612968 -122.294773509 666.727877217
37.3999514627 -122.294995898 666.535721005
37.4000397285 -122.295225269 666.323104379
37.4001260816 -122.295457577 666.092583215
37.4002106528 -122.295688599 665.848285487
37.4002936921 -122.295914309 665.595271084
37.4003755472 -122.296131232 665.338852488
37.4004566437 -122.296336713 665.084047695
37.4005374611 -122.29652907 664.835306145
37.4006185134 -122.296707599 664.59655711
37.4007003241 -122.296872462 664.371484704
37.4007833927 -122.29702448 664.163869416
37.4008681828 -122.29716492 663.977940264
37.4009551141 -122.297295288 663.818541206
37.4010445759 -122.2974172 663.69111342
37.4011369758 -122.297532352 663.601565325
37.4012327995 -122.297642554 663.556046946
37.4013326935 -122.297749848 663.560803561
37.4014375627 -122.297856668 663.622187169
37.4015486649 -122.297965997 663.746858156
37.401667679 -122.298081488 663.942060014
37.4017967188 -122.298207489 664.21581128
37.4019382578 -122.298348921 664.57682896
37.4020949407 -122.298510979 665.033979507
37.4022692711 -122.298698653 665.595161811
37.4024631982 -122.298916099 666.265724347
37.4026776545 -122.29916595 667.046574915
37.4029121289 -122.299448687 667.932359906
37.4031643779 -122.299762215 668.910173651
37.4034303635 -122.300101781 669.959145835
37.4037044712 -122.30046029 671.051199128
37.4039800066 -122.300829022 672.152993219
37.4042498979 -122.301198637 673.228853554
37.4045074874 -122.3015603 674.24426702
37.4047472685 -122.301906728 675.169381411
37.4049654375 -122.302232968 675.981958787
37.4051601748 -122.302536782 676.669381107
37.4053316293 -122.302818601 677.229446545
37.4054816435 -122.303081099 677.669961405
37.4056132992 -122.303328488 678.007332358
37.4057303819 -122.303565699 678.264426467
37.4058368595 -122.303797551 678.468068846
37.4059364442 -122.304028069 678.6465351
37.4060322799 -122.304259986 678.827288619
37.4061267661 -122.30449449 679.035127468
37.4062215106 -122.304731215 679.290825204
37.4063173857 -122.304968438 679.610235063
37.4064146586 -122.305203439 680.00379752
37.4065131625 -122.305432956 680.476405141
37.4066124767 -122.305653653 681.027523824
37.4067120865 -122.305862534 681.651550254
37.4068115107 -122.306057247 682.33842785
37.4069103862 -122.306236264 683.07455418
37.4070084927 -122.306398893 683.843918337
37.4071057532 -122.306545194 684.629561839
37.4072022063 -122.306675819 685.415225029
37.4072979653 -122.30679181 686.186982125
37.4073931949 -122.306894431 686.934733818
37.4074880845 -122.306985019 687.653237544
37.4075828277 -122.307064879 688.342499517
37.4076776048 -122.307135215 689.00741038
37.4077725646 -122.307197091 689.656684233
37.4078678048 -122.307251407 690.301202442
37.4079633513 -122.307298895 690.952028589
37.408059148 -122.307340112 691.618418548
37.4081550573 -122.307375445 692.306129209
37.4082508789 -122.307405118 693.016276807
37.4083463882 -122.307429209 693.744913286
37.4084413864 -122.307447676 694.48338298
37.408535753 -122.307460377 695.219345426
37.4086294935 -122.307467091 695.938339631
37.4087227716 -122.307467537 696.625647612
37.4088159174 -122.307461379 697.268157398
37.4089094129 -122.307448248 697.855973383
37.4090038527 -122.307427755 698.383568863
37.4090998853 -122.307399516 698.850344736
37.4091981413 -122.307363195 699.260522342
37.4092991532 -122.307318558 699.62239844
37.4094032775 -122.307265546 699.947102738
37.409510626 -122.30720435 700.247003443
37.4096210169 -122.307135478 700.533977425
37.4097339557 -122.307059802 700.817792522
37.4098486521 -122.306978579 701.104764802
37.4099640738 -122.306893416 701.396876379
37.410079035 -122.30680621 701.691456705
37.4101923096 -122.306719038 701.981443517
37.4103027496 -122.306634029 702.256213367
37.4104093938 -122.30655323 702.502871504
37.4105115538 -122.306478485 702.707730481
37.4106088649 -122.30641134 702.857820725
37.4107013049 -122.306352998 702.942141131
37.4107891847 -122.306304323 702.952436563
37.4108731176 -122.306265885 702.883500562
37.41095398 -122.306238042 702.732892379
37.4110328719 -122.306221036 702.500208121
37.4111110769 -122.306215097 702.186092486
37.4111900181 -122.306220508 701.791256216
37.4112712009 -122.306237643 701.315828386
37.4113561343 -122.306266952 700.759249782
37.411446225 -122.306308898 700.120868061
37.4115426467 -122.30636385 699.401246467
37.4116461945 -122.306431955 698.603994858
37.4117571465 -122.306513013 697.737739684
37.4118751583 -122.306606366 696.817761006
37.4119992149 -122.306710845 695.866814035
37.4121276562 -122.306824777 694.914719418
37.4122582856 -122.306946077 693.996642792
37.4123885501 -122.307072396 693.150236172
37.4125157685 -122.307201325 692.4120475
37.4126373763 -122.307330634 691.813893315
37.4127511484 -122.307458485 691.379849381
37.4128553682 -122.307583624 691.124351012
37.4129489246 -122.307705502 691.051663724
37.4130313353 -122.307824313 691.156647985
37.4131026983 -122.307940949 691.426393046
37.4131635932 -122.308056862 691.84224734
37.4132149663 -122.308173885 692.381859017
37.413258018 -122.308294005 693.020821682
37.4132941146 -122.308419152 693.733994932
37.4133247333 -122.308551012 694.496603399
37.413351451 -122.308690928 695.28514339
37.4133759633 -122.308839886 696.078463805
37.4134001342 -122.30899862 696.858934076
37.4134260624 -122.309167824 697.613554379
37.4134561361 -122.309348424 698.334791514
37.4134930646 -122.309541856 699.020655528
37.4135398685 -122.309750302 699.67377063
37.4135998083 -122.3099768 700.299293393
37.413676238 -122.310225173 700.901861338
37.4137723747 -122.310499739 701.482188634
37.413890999 -122.31080481 702.033951265
37.414034106 -122.311144032 702.541889762
37.414202553 -122.311519651 702.98177111
37.4143957606 -122.311931821 703.322431448
37.4146115254 -122.312378109 703.529767548
37.414845995 -122.312853281 703.571892234
37.4150938403 -122.313349469 703.424405264
37.4153486258 -122.313856715 703.07457852
37.415603341 -122.31436384 702.523536895
37.4158510253 -122.314859502 701.786034912
37.4160853994 -122.315333277 700.888025733
37.4163014087 -122.315776591 699.86276259
37.416495603 -122.31618336 698.746494535
37.4166663049 -122.316550253 697.574758425
37.4168135602 -122.316876585 696.37993125
37.4169389027 -122.317163894 695.190240665
37.4170449912 -122.317415327 694.02998069
37.4171351901 -122.31763498 692.920318757
37.4172131591 -122.317827277 691.880083961
37.417282504 -122.317996496 690.926090539
37.4173465104 -122.318146454 690.072735217
37.4174079694 -122.318280346 689.331036982
37.4174690897 -122.318400698 688.707457217
37.4175314761 -122.318509403 688.202877142
37.4175961582 -122.318607793 687.812170649
37.417663662 -122.318696727 687.524580016
37.4177341142 -122.318776686 687.32481579
37.4178073661 -122.318847855 687.194709739
37.4178831432 -122.318910207 687.115162282
37.4179612085 -122.318963586 687.067888417
37.4180415218 -122.319007782 687.036775182
37.4181243804 -122.319042599 687.008679476
37.4182105198 -122.319067922 686.973463095
37.4183011476 -122.319083774 686.923459661
37.4183979084 -122.319090372 686.852434708
37.4185027759 -122.319088188 686.75435187
37.4186178775 -122.319078013 686.622231528
37.4187452798 -122.319060986 686.447313747
37.41888676 -122.319038622 686.21879576
37.4190436083 -122.319012781 685.924146088
37.4192164923 -122.318985613 685.549893861
37.419405405 -122.318959449 685.082751936
37.4196096983 -122.318936663 684.510838662
37.4198281839 -122.318919509 683.824786504
37.4200592699 -122.318909956 683.01864889
37.4203010914 -122.318909538 682.090619132
37.4205515991 -122.318919223 681.043603268
37.4208085845 -122.31893931 679.885646175
37.421069648 -122.318969378 678.630417816
37.4213321371 -122.319008278 677.297522229
37.4215930949 -122.319054162 675.912266065
37.4218492687 -122.319104567 674.504751241
37.4220972067 -122.319156529 673.107848375
37.42233345 -122.319206717 671.754086941
37.4225547957 -122.319251574 670.471813706
37.4227585795 -122.31928744 669.281058349
37.4229429179 -122.319310626 668.189807754
37.423106856 -122.319317444 667.191436266
37.4232503918 -122.319304208 666.26389248
37.4233743795 -122.319267241 665.370961321
37.423480334 -122.319202942 664.465636343
37.4235701928 -122.319107951 663.495331825
37.4236460828 -122.318979456 662.408379365
37.4237101336 -122.318815595 661.161019499
37.4237643623 -122.318615926 659.72402102
37.4238106334 -122.318381842 658.087878678
37.4238506827 -122.318116816 656.265708888
37.4238861738 -122.31782637 654.293236846
37.4239187716 -122.317517703 652.225591824
37.4239502056 -122.317199 650.131289241
37.4239823081 -122.31687852 648.084244234
37.4240170261 -122.316563599 646.155083919
37.4240564028 -122.316259768 644.403178474
37.4241025339 -122.31597013 642.87056053
37.4241574998 -122.315695116 641.578615746
37.4242232688 -122.315432658 640.527777225
37.4243015853 -122.315178728 639.69985486
37.4243938331 -122.314928148 639.062385343
37.4245008942 -122.314675531 638.574000196
37.4246230205 -122.314416215 638.189912324
37.4247597328 -122.314147046 637.86688444
37.4249097742 -122.313866911 637.56714299
37.4250711396 -122.313576964 637.260987764
37.4252411903 -122.313280522 636.928059362
37.4254168489 -122.312982662 636.557318544
37.4255948537 -122.312689592 636.145942024
37.4257720362 -122.312407896 635.697433295
37.4259455892 -122.312143792 635.219199738
37.4261132708 -122.311902496 634.720131895
37.4262735275 -122.311687782 634.208335403
37.4264255365 -122.311501796 633.68940796
37.4265691661 -122.31134513 633.16564901
37.4267048896 -122.311217087 632.635855178
37.4268336825 -122.311116106 632.095907247
37.4269569302 -122.311040221 631.539817125
37.4270763762 -122.310987527 630.960735236
37.4271941124 -122.31095657 630.351851893
37.427312609 -122.310946646 629.706882387
37.4274347608 -122.31095799 629.020066935
37.4275639104 -122.310991814 628.285937585
37.4277038252 -122.311050225 627.499122235
37.4278585908 -122.311135991 626.654586761
37.4280323934 -122.311252182 625.748594129
37.4282292018 -122.31140171 624.780351783
37.428452376 -122.311586829 623.754108269
37.4287042592 -122.311808653 622.681079686
37.4289858162 -122.312066794 621.580538326
37.4292963841 -122.31235918 620.47949168
37.4296335881 -122.312682083 619.410666627
37.4299934325 -122.313030362 618.40901632
37.4303705547 -122.313397865 617.507405363
37.4307585967 -122.313777901 616.732416477
37.4311506331 -122.314163725 616.101198486
37.431539601 -122.314548954 615.620021527
37.4319186967 -122.314927878 615.284677275
37.4322817189 -122.31529569 615.082398329
37.4326233549 -122.315648625 614.994635526
37.4329394093 -122.315984074 614.999914283
37.4332269709 -122.316300642 615.076205665
37.4334845033 -122.316598157 615.202518549
37.4337118408 -122.316877604 615.359740939
37.4339100797 -122.317140943 615.530999242
37.4340813661 -122.317390806 615.701855706
37.4342286203 -122.317630116 615.860647232
37.4343552042 -122.317861645 615.998868284
37.4344646073 -122.318087618 616.111664669
37.4345602073 -122.318309433 616.198271606
37.4346451133 -122.318527549 616.262084803
37.4347221359 -122.318741566 616.31058889
37.4347938732 -122.318950493 616.354879846
37.4348628742 -122.319153137 616.40899242
37.4349318569 -122.31934852 616.489283096
37.4350039603 -122.319536301 616.613752625
37.4350829696 -122.319717082 616.801594902
37.4351734731 -122.319892588 617.072707775
37.4352809136 -122.320065695 617.446931613
37.4354114518 -122.320240275 617.94304503
37.4355716314 -122.320420885 618.577114179
37.4357678404 -122.320612353 619.360237376
37.4360055886 -122.320819262 620.295920471
37.4362887283 -122.321045451 621.377393055
37.436618728 -122.321293582 622.585601084
37.4369941742 -122.321564857 623.888474177
37.4374106551 -122.321858988 625.241970892
37.4378611025 -122.322174428 626.593036445
37.4383365829 -122.322508863 627.884140412
37.4388274186 -122.32285987 629.05869491
37.4393244316 -122.323225597 630.066383686
37.4398200501 -122.323605303 630.867407499
37.4403090517 -122.323999589 631.43507088
37.4407887915 -122.324410264 631.756559603
37.4412588788 -122.324839799 631.83217089
37.4417204165 -122.32529054 631.673629701
37.4421749982 -122.325763823 631.302115798
37.4426237208 -122.32625924 630.746467177
37.4430664544 -122.326774271 630.041729857
37.4435015276 -122.327304394 629.227972931
37.4439258762 -122.327843681 628.349059042
37.4443355789 -122.328385739 627.451058106
37.4447266136 -122.32892477 626.580142786
37.4450956209 -122.329456481 625.780062177
37.4454404855 -122.329978601 625.089372366
37.4457606078 -122.330490883 624.538760372
37.4460568335 -122.330994591 624.148846337
37.4463310888 -122.331491608 623.92864664
37.4465858758 -122.331983424 623.87504585
37.4468237392 -122.332470247 623.97317761
37.4470468541 -122.332950467 624.197672377
37.4472568171 -122.333420612 624.514802386
37.4474546504 -122.333875792 624.885080492
37.4476410077 -122.334310503 625.266303835
37.4478164811 -122.334719599 625.616742648
37.4479819396 -122.33509921 625.898091725
37.448138799 -122.335447394 626.078069033
37.448289181 -122.335764431 626.132386968
37.4484359504 -122.336052732 626.045973631
37.4485826323 -122.336316432 625.81337378
37.4487332574 -122.336560806 625.438230998
37.4488921392 -122.336791617 624.932014075
37.4490636076 -122.337014503 624.312100445
37.4492517225 -122.337234493 623.599394447
37.4494599394 -122.337455639 622.815870647
37.4496907588 -122.337680792 621.982347616
37.4499453755 -122.337911462 621.116817822
37.4502233612 -122.338147771 620.233587075
37.450522455 -122.338388466 619.343295166
37.4508385306 -122.338631035 618.453653534
37.4511657968 -122.338871927 617.57065234
37.4514972399 -122.339106876 616.699870443
37.4518252785 -122.339331343 615.847572917
37.4521425279 -122.339540985 615.021278196
37.452442554 -122.3397321 614.229696639
37.4527204904 -122.339901991 613.482112712
37.4529734078 -122.340049166 612.787351528
37.4532003991 -122.340173368 612.152625192
37.45340239 -122.340275449 611.582497134
37.4535817372 -122.340357108 611.078212848
37.4537417172 -122.340420568 610.637472013
37.4538860035 -122.34046826 610.254713533
37.4540182206 -122.340502546 609.921798143
37.4541416167 -122.340525528 609.629015934
37.4542588778 -122.340538949 609.36611553
37.4543720682 -122.340544156 609.123208878
37.454482664 -122.340542126 608.891418696
37.4545916543 -122.340533504 608.663016995
37.4546996742 -122.340518651 608.431181136
37.4548071416 -122.340497681 608.189357003
37.4549143877 -122.340470484 607.930383408
37.4550217621 -122.340436727 607.645614548
37.4551297223 -122.340395868 607.324237463
37.4552388784 -122.340347166 606.953042827
37.4553499943 -122.340289723 606.516790153
37.4554639543 -122.340222572 605.999236299
37.4555816681 -122.340144793 605.384788171
37.4557039517 -122.340055689 604.660595343
37.4558313877 -122.339954986 603.818791232
37.4559641833 -122.339843016 602.858501065
37.4561020605 -122.339720875 601.787224628
37.4562442044 -122.339590479 600.621211797
37.4563892885 -122.339454535 599.384642921
37.4565355808 -122.339316371 598.107609623
37.4566811147 -122.339179683 596.823159012
37.4568238969 -122.339048201 595.563836347
37.4569621103 -122.338925364 594.358302103
37.4570942783 -122.33881402 593.2285858
37.4572193617 -122.338716235 592.188394622
37.4573367813 -122.338633211 591.242702688
37.4574463844 -122.338565345 590.388395934
37.4575483537 -122.338512345 589.616092727
37.4576431091 -122.338473433 588.912337456
37.4577312261 -122.338447579 588.261763642
37.4578133716 -122.338433718 587.649042438
37.4578902952 -122.338431004 587.059834745
37.4579628501 -122.338439027 586.480996215
37.4580320437 -122.338458039 585.899921861
37.4580991124 -122.338489173 585.303069179
37.4581656045 -122.338534666 584.674057022
37.4582334545 -122.338598039 583.991660532
37.4583050237 -122.338684176 583.228293184
37.4583830799 -122.338799236 582.349564209
37.458470684 -122.33895032 581.315451761
37.4585709714 -122.339144826 580.083376514
37.4586868216 -122.339389522 578.613234007
37.4588204473 -122.339689405 576.873822846
37.4589729692 -122.340046509 574.849579372
37.4591440512 -122.340458905 572.546331745
37.4593316985 -122.340920125 569.994491718
37.4595322846 -122.341419205 567.248618495
37.459740837 -122.341941441 564.382931443
37.4599515568 -122.342469774 561.483292848
37.4601584888 -122.342986603 558.637039094
37.4603562219 -122.343475683 555.92259447
37.4605404885 -122.343923779 553.400947867
37.4607085591 -122.344321784 551.110477009
37.4608593776 -122.344665151 549.065845368
37.4609934399 -122.344953636 547.260724183
37.4611124739 -122.345190504 545.673198435
37.4612190087 -122.345381414 544.272403455
37.4613159295 -122.345533243 543.024875508
37.4614060988 -122.345653048 541.899466538
37.4614920918 -122.345747297 540.870268006
37.4615760588 -122.34582142 539.917545979
37.4616596991 -122.345879645 539.027113449
37.4617443117 -122.345925058 538.188792001
37.4618308789 -122.345959794 537.394687322
37.4619201492 -122.345985287 536.637767212
37.4620126926 -122.346002528 535.911055969
37.4621089365 -122.346012296 535.207384454
37.4622091372 -122.34601531 534.51995522
37.4623133698 -122.346012389 533.842774227
37.4624215185 -122.346004527 533.171141174
37.4625332844 -122.345992933 532.501810076
37.4626482863 -122.345979086 531.832115324
37.4627661932 -122.34596474 531.158765672
37.4628869276 -122.345951965 530.47585376
37.4630109084 -122.345943197 529.772610731
37.4631392952 -122.345941297 529.031403781
37.4632741925 -122.345949604 528.226330587
37.463418757 -122.345971964 527.322946332
37.4635771532 -122.346012681 526.279442214
37.4637543152 -122.346076366 525.049444059
37.463955491 -122.346167641 523.586422475
37.4641855861 -122.346290684 521.849369145
37.4644483745 -122.346448683 519.809071646
37.4647456931 -122.346643244 517.454073093
37.4650767681 -122.346873886 514.795189438
37.4654378295 -122.347137753 511.867520469
37.465822131 -122.347429631 508.729230567
37.4662204243 -122.347742316 505.456929561
37.4666218391 -122.348067302 502.138174284
37.4670150281 -122.348395693 498.862217146
37.4673893789 -122.348719167 495.710616806
37.4677360728 -122.349030827 492.749194731
37.4680488221 -122.34932581 490.022674801
37.4683241843 -122.349601557 487.552672855
37.4685614557 -122.34985776 485.338930882
37.4687622303 -122.350096038 483.36314844
37.4689297567 -122.350319452 481.594437337
37.4690682447 -122.350531958 479.995263758
37.4691822429 -122.350737878 478.527025945
37.4692761646 -122.350941453 477.154653608
37.4693539894 -122.35114647 475.849959349
37.4694191295 -122.351355985 474.59371114
37.4694744251 -122.351572098 473.376450077
37.4695222079 -122.351795808 472.198354245
37.4695644069 -122.352026935 471.068079185
37.46960266 -122.352264148 470.000823541
37.4696384101 -122.352505102 469.015779751
37.4696729845 -122.352746703 468.133202532
37.4697076822 -122.35298549 467.371200204
37.4697438238 -122.353218059 466.742952559
37.4697828084 -122.353441495 466.254372998
37.4698261613 -122.353653735 465.902598428
37.4698755536 -122.353853794 465.675504702
37.4699328268 -122.354041851 465.55191346
37.4699999938 -122.354219175 465.502578244
37.4700791782 -122.354387898 465.491815504
37.4701725287 -122.354550698 465.479457396
37.4702821119 -122.354710451 465.422949517
37.4704097833 -122.354869883 465.27950018
37.4705571227 -122.355031319 465.007849358
37.4707254145 -122.355196517 464.569761871
37.4709157193 -122.355366635 463.930989707
37.4711290408 -122.355542316 463.061665753
37.4713665572 -122.355723863 461.936225381
37.4716298563 -122.355911463 460.533092926
37.4719210925 -122.356105388 458.834537233
37.4722429798 -122.356306117 456.827091732
37.4725985598 -122.356514333 454.502745357
37.4729907266 -122.356730774 451.861000325
37.4734215568 -122.356955951 448.91148313
37.4738915547 -122.357189793 445.67650297
37.4743989604 -122.357431295 442.192844971
37.4749392929 -122.357678258 438.512138324
37.4755052588 -122.357927208 434.699223516
37.476087095 -122.358173518 430.828549325
37.4766733367 -122.358411746 426.978943581
37.4772518878 -122.358636126 423.227508238
37.4778112214 -122.358841138 419.643588255
37.4783415002 -122.359022044 416.283735362
37.478835432 -122.359175315 413.188348645
37.4792887327 -122.359298861 410.380365854
37.4797001524 -122.359392078 407.865909495
37.4800711123 -122.359455703 405.636514298
37.4804050562 -122.35949156 403.672384418
37.4807066712 -122.359502253 401.945955018
37.4809810994 -122.359490866 400.42543667
37.4812332608 -122.359460737 399.077895027
37.481467361 -122.359415289 397.871710505
37.4816865983 -122.359357942 396.77842576
37.4818930797 -122.359292057 395.773950818
37.4820879087 -122.359220905 394.839170432
37.4822713919 -122.359147608 393.960098638
37.4824433379 -122.359075072 393.127387295
37.4826033682 -122.359005895 392.335538021
37.482751203 -122.358942277 391.581813532
37.4828868874 -122.358885957 390.864947287
37.4830109414 -122.358838198 390.183880942
37.4831243938 -122.358799813 389.536717526
37.4832287329 -122.358771248 388.919942435
37.4833258041 -122.358752699 388.327946101
37.483417641 -122.358744229 387.753019796
37.4835063192 -122.358745897 387.185523891
37.4835938114 -122.358757828 386.614395942
37.4836818632 -122.358780245 386.027889821
37.4837718889 -122.358813425 385.414548063
37.4838648882 -122.358857608 384.76430995
37.4839613771 -122.358912861 384.069661648
37.4840613395 -122.358978929 383.326690405
37.484164204 -122.35905512 382.535902158
37.4842688625 -122.35914023 381.702560894
37.4843737391 -122.359232573 380.836481641
37.4844769165 -122.359330089 379.951268418
37.4845763086 -122.359430528 379.063041065
37.4846698531 -122.359531698 378.188907129
37.4847557007 -122.359631698 377.345368094
37.4848323624 -122.359729127 376.546977995
37.4848987905 -122.359823207 375.805353371
37.4849543924 -122.359913821 375.128597956
37.4849989756 -122.360001453 374.521130666
37.4850326426 -122.360087071 373.983733043
37.4850556671 -122.360171975 373.513759408
37.4850683808 -122.360257633 373.105365856
37.4850710943 -122.360345538 372.74974638
37.4850640663 -122.360437089 372.435384347
37.4850475272 -122.360533493 372.148402255
37.4850217464 -122.360635683 371.873070811
37.4849871304 -122.360744244 371.59252382
37.4849443263 -122.360859348 371.289691544
37.4848943089 -122.360980707 370.948414134
37.484838427 -122.361107551 370.554665246
37.4847783958 -122.361238656 370.097780077
37.4847162253 -122.361372418 369.571523357
37.4846540996 -122.36150698 368.974820923
37.4845942179 -122.36164039 368.312079139
37.4845386311 -122.361770756 367.592872088
37.4844890924 -122.361896398 366.831128249
37.4844469521 -122.362015941 366.04377417
37.484413118 -122.362128377 365.248998241
37.4843880806 -122.362233073 364.464398617
37.4843719874 -122.362329737 363.705326079
37.484364765 -122.362418373 362.983509979
37.4843662644 -122.362499228 362.306128399
37.4843764014 -122.36257274 361.675378459
37.4843953048 -122.362639505 361.088219144
37.4844234256 -122.362700248 360.53645687
37.4844616142 -122.362755803 360.006889909
37.4845111533 -122.362807098 359.481547358
37.484573738 -122.362855141 358.938110989
37.4846513914 -122.362901004 358.350671852
37.4847463128 -122.362945802 357.691037493
37.4848606554 -122.362990665 356.930712794
37.4849962445 -122.363036683 356.043568624
37.4851542549 -122.363084844 355.008984424
37.4853348921 -122.363135943 353.815090169
37.4855371237 -122.363190478 352.461534503
37.4857585096 -122.363248553 350.961270885
37.4859951904 -122.363309807 349.340748871
37.4862420508 -122.36337338 347.638373613
37.4864930662 -122.363437951 345.901234079
37.4867417995 -122.363501831 344.180431322
37.4869819811 -122.363563107 342.525784773
37.4872080857 -122.363619828 340.98063021
37.4874158184 -122.363670173 339.577573479
37.4876024349 -122.363712603 338.335773447
37.4877668547 -122.363745946 337.260123313
37.4879095637 -122.363769433 336.342265782
37.4880323423 -122.363782674 335.563106146
37.4881378787 -122.363785609 334.896364649
37.4882293438 -122.363778442 334.31247171
37.4883099914 -122.363761595 333.782291515
37.488382837 -122.363735683 333.28023709
37.4884504412 -122.363701515 332.786473312
37.4885148043 -122.363660107 332.288125756
37.4885773551 -122.363612696 331.779441798
37.4886390128 -122.363560732 331.261040489
37.4887002914 -122.363505848 330.73841621
37.4887614275 -122.363449794 330.219863679
37.4888224936 -122.363394348 329.714296122
37.4888834907 -122.363341239 329.229090393
37.4889444102 -122.363292044 328.768496683
37.4890052668 -122.363248145 328.332600488
37.4890660948 -122.363210698 327.917164082
37.4891269259 -122.363180636 327.514284319
37.4891877593 -122.363158729 327.113521917
37.4892485167 -122.363145646 326.703527561
37.4893090221 -122.363142039 326.27344843
37.4893689872 -122.363148642 325.814000071
37.4894280115 -122.363166356 325.317917269
37.4894855961 -122.363196322 324.779742609
37.4895411725 -122.363239955 324.195083999
37.4895941423 -122.363298919 323.559663424
37.4896439223 -122.363375021 322.8684796
37.4896899964 -122.363470021 322.115523481
37.4897319673 -122.363585348 321.294255926
37.4897696038 -122.36372176 320.398853662
37.4898028804 -122.36387901 319.426077147
37.4898320036 -122.364055565 318.377239848
37.4898574187 -122.364248481 317.259871346
37.4898797958 -122.364453463 316.088540154
37.4898999976 -122.364665148 314.884546298
37.4899190263 -122.364877572 313.674477241
37.4899379595 -122.36508474 312.487790006
37.4899578778 -122.365281215 311.353902588
37.4899797915 -122.365462597 310.299285051
37.4900045728 -122.365625839 309.345039142
37.4900328964 -122.365769334 308.505237855
37.4900651932 -122.365892806 307.786170791
37.4901016211 -122.365997037 307.186475298
37.4901420548 -122.366083532 306.69791156
37.4901860979 -122.366154159 306.306683841
37.4902331173 -122.366210859 305.995041946
37.490282299 -122.36625544 305.74299693
37.490332721 -122.366289464 305.530029348
37.4903834343 -122.366314208 305.336626702
37.4904335437 -122.36633069 305.145535963
37.4904822778 -122.366339693 304.942637285
37.4905290382 -122.366341808 304.717373605
37.4905734272 -122.366337454 304.462711542
37.4906152484 -122.366326876 304.174738044
37.4906544877 -122.366310139 303.852010713
37.4906912762 -122.366287123 303.494725869
37.4907258472 -122.366257519 303.104049191
37.490758492 -122.366220859 302.681552082
37.4907895202 -122.366176579 302.228848868
37.4908192313 -122.366124102 301.747507658
37.4908478962 -122.366062967 301.239029597
37.4908757519 -122.365992967 300.704975925
37.4909030049 -122.365914272 300.147075773
37.4909298432 -122.365827528 299.567359174
37.4909564495 -122.365733895 298.968231687
37.4909830159 -122.365635023 298.35250621
37.4910097532 -122.365532948 297.723419513
37.4910368985 -122.365429937 297.084647402
37.4910647132 -122.365328294 296.440262728
37.4910934772 -122.365230158 295.794688763
37.4911234789 -122.365137339 295.152647616
37.4911550007 -122.365051201 294.519056472
37.491188305 -122.364972616 293.898949886
37.4912236174 -122.364901984 293.29738454
37.4912611121 -122.364839309 292.719311355
37.4913008958 -122.364784305 292.169413076
37.4913429958 -122.364736517 291.651874998
37.4913873529 -122.364695433 291.1700078
37.4914338144 -122.364660563 290.725920584
37.4914821373 -122.364631499 290.320077153
37.4915319989 -122.364607946 289.950938283
37.4915830153 -122.364589726 289.614805329
37.4916347697 -122.364576788 289.305789959
37.4916868481 -122.364569201 289.016070422
37.4917388814 -122.36456717 288.736306143
37.4917905978 -122.364571063 288.456083312
37.4918418648 -122.364581446 288.164314367
37.4918927378 -122.364599125 287.849466167
37.4919434985 -122.364625189 287.499630909
37.4919946742 -122.364661008 287.102561895
37.4920470488 -122.364708218 286.645761366
37.4921016416 -122.364768624 286.116882622
37.4921596644 -122.364844055 285.504537495
37.4922224584 -122.364936173 284.799483484
37.4922914161 -122.365046252 283.996071381
37.492367902 -122.365174987 283.093629603
37.4924531752 -122.365322347 282.097423572
37.4925483196 -122.365487506 281.018924733
37.4926541821 -122.365668876 279.875188836
37.4927713148 -122.365864209 278.68739621
37.4928999055 -122.366070758 277.478867121
37.4930397006 -122.366285439 276.272890213
37.4931899281 -122.36650498 275.090763013
37.4933492322 -122.366726037 273.950445106
37.4935156463 -122.366945265 272.86584758
37.4936866222 -122.367159381 271.846827487
37.4938591191 -122.36736522 270.899741644
37.4940297635 -122.367559816 270.028248908
37.4941950344 -122.367740488 269.234296148
37.4943514542 -122.367904931 268.519043073
37.4944957584 -122.368051284 267.883627371
37.4946250044 -122.368178153 267.329728312
37.4947366405 -122.368284592 266.859837198
37.4948285323 -122.368370033 266.477223713
37.4948989656 -122.368434192 266.185647877
37.4949466469 -122.368476968 265.98876508
37.4949707068 -122.368498351 265.889503317
